101
t  0.000000
88	0.8581164627297753	0.1764815780528873	-0.04427029260119575	-0.08641750862070188	0.005	0.0
89	0.5299492263137078	0.05721169809975038	-0.29174998839853844	-0.08623138738635808	0.005	0.0
90	0.20482318124619425	0.12966313967314338	-0.011074047592542657	-0.1400733613738277	0.005	0.0
91	0.8264723030701617	0.31841414900978865	0.03311107179102912	-0.07066508999346752	0.005	0.0
92	0.9187228081586549	0.9706963547730326	-0.2226240714979058	0.09761916013438143	0.005	0.0
93	0.9507249613925589	0.17222176928577287	0.07582367690068414	0.2823193157495352	0.005	0.0
94	0.9741594460059961	0.6653995360748545	-0.16900107492041871	0.27764103357381326	0.005	0.0
95	0.7478356514013609	0.7867148338916509	0.2501749660472739	0.02218296941419784	0.005	0.0
96	0.8191515023581205	0.05057918142791247	0.17198366145548122	0.1302974493860372	0.005	0.0
97	0.6081254050027028	0.9371857288374084	0.0862825676396285	-0.299640139080515	0.005	0.0
10	0.3888732186473486	0.9290955185376795	-0.13339942324996437	-0.19470943138294744	0.005	0.0
98	0.38813757074105926	0.41181590128783535	0.0918330844819299	-0.010410932095330505	0.005	0.0
11	0.0887467981963741	0.14138398071599143	-0.1551300772709704	-0.0716482394242472	0.005	0.0
99	0.28385247198703883	0.03336375094598021	-0.2837905061239488	-0.0946361793721067	0.005	0.0
12	0.5940806103775788	0.856306674301681	0.26374861078065154	0.2767275282952654	0.005	0.0
13	0.49546102517570345	0.015996993226743486	-0.2874100248074067	-0.061761073903019575	0.005	0.0
14	0.9886482809607113	0.6048069850845149	0.16875188612964465	-0.17458872660250396	0.005	0.0
15	0.7244528638679327	0.4826727733425288	-0.04657021610206652	0.03291902960952553	0.005	0.0
16	0.35123849302083393	0.7888780833150255	-0.15450271626184556	-0.11465734676373307	0.005	0.0
17	0.5918851839689891	0.7716695242471355	-0.11066538941182902	0.2625360135893398	0.005	0.0
18	0.7039106778194868	0.9650271297813519	-0.2769451302831748	0.18502023574993798	0.005	0.0
19	0.8505014328806836	0.27943061852454515	0.08771764435625795	-0.2693131947067852	0.005	0.0
0	0.110534302127764	0.19238189753027413	0.0	0.0	0.05	0.0
1	0.7384306790661375	0.4732780839003253	0.08319963481297582	0.17977842374388509	0.005	0.0
2	0.09033342692171266	0.6090955096093947	-0.1262647855589753	-0.10455135871803722	0.005	0.0
3	0.03634397717952263	0.03817653624972292	0.084785183023465	-0.11383564775944957	0.005	0.0
4	0.8924299529044232	0.2612053624044256	-0.03665730327558547	-0.2708254638697173	0.005	0.0
5	0.6395541889676416	0.40657402939972415	-0.02804028754504223	0.09596043597254933	0.005	0.0
6	0.7024522522108126	0.6357133518154219	-0.12302701580853623	-0.262777296928524	0.005	0.0
7	0.2625361017599952	0.39453301552286707	-0.07849818777875975	-0.015983300567915137	0.005	0.0
8	0.6934075230077608	0.8697149234320589	0.2740800969405363	0.21502999870066114	0.005	0.0
9	0.7046425120844201	0.9272672844299482	-0.2595341198590626	0.09136291761791338	0.005	0.0
20	0.8863802106952952	0.3997931936272529	0.24086818910652236	0.21693699855237408	0.005	0.0
21	0.4584073885619693	0.20742145375652396	0.10884617728135126	0.19513719333248697	0.005	0.0
22	0.5538827503986417	0.0988730407216082	-0.26559003501177986	0.11836729289795983	0.005	0.0
23	0.1942371237634088	0.8793574128023869	0.08152528418374205	-0.02768366809399042	0.005	0.0
24	0.8778165587524125	0.04108633076980998	-0.0022214649280002385	-0.1281305387125096	0.005	0.0
25	0.9941173541465432	0.6830367479658325	-0.05439557447362198	0.24524286475548857	0.005	0.0
26	0.5793385950217783	0.6212696695337997	0.07968650420679824	-0.031089460529725332	0.005	0.0
27	0.23091502708835063	0.7524167710873614	0.1074874228198267	-0.05683972210849139	0.005	0.0
28	0.47962163394101986	0.2953588114545179	-0.15845471771899705	-0.17551595150600402	0.005	0.0
29	0.11095591226249382	0.48821978859265125	-0.2323976359517251	-0.24887548033431925	0.005	0.0
30	0.3628069614248723	0.849587472459245	0.1118120811771377	-0.08803297167293203	0.005	0.0
31	0.07391058365632487	0.6343458787564057	0.19319952391470768	0.11658344997982606	0.005	0.0
32	0.8472672043158965	0.7556669920867527	0.09423105834331619	0.12560147505190772	0.005	0.0
33	0.44456486389134175	0.5755594059260064	0.27277773154047374	0.19569006836293606	0.005	0.0
34	0.291702376290901	0.5769075252472847	0.27293711980852736	0.08231914288800979	0.005	0.0
35	0.0617474312582469	0.580160514447686	0.17010794990339728	0.2260684654109864	0.005	0.0
36	0.7700928010713056	0.08774221473419937	0.007391407323704302	0.024628299029618883	0.005	0.0
37	0.557188798285054	0.158852007853455	0.24582277094889354	-0.23724889542661753	0.005	0.0
38	0.7670323564881338	0.6766149436674688	0.16011694222250678	-0.06371874602391481	0.005	0.0
39	0.5045846351641613	0.788513069957669	-0.035459512159764894	-0.03599367933341446	0.005	0.0
40	0.012465176845217325	0.11969252152380826	0.2502034193913307	0.03244143862398363	0.005	0.0
41	0.5266370346426296	0.7070904473276404	-0.1445073147891105	0.263774592924865	0.005	0.0
42	0.5423497513283079	0.7203626626693351	0.17554976252327253	-0.06393135036659617	0.005	0.0
43	0.10534697936850039	0.42331815884521584	0.14462398653333508	-0.2825674629167452	0.005	0.0
44	0.19927346001470872	0.5769780725960733	-0.10318682076429334	0.0022414533845619977	0.005	0.0
45	0.7483317779471135	0.21247655097774062	0.026132662538810303	0.257603286061368	0.005	0.0
46	0.7745410205384105	0.3588083031972635	0.22603355521396967	0.002135177812163269	0.005	0.0
47	0.7114406938198824	0.8169018308600096	-0.1085790679726171	0.24673193105189867	0.005	0.0
48	0.7707605286838487	0.7976596996588752	0.21290190360906774	0.12837456737028252	0.005	0.0
49	0.3854420242703303	0.007456829420947196	-0.016576265001280677	-0.1368550168448933	0.005	0.0
50	0.43145033730494825	0.010124665113867138	-0.02835847443238182	-0.166520384648188	0.005	0.0
51	0.08205559865339629	0.6796740307676482	-0.10571540066343593	-0.19268771850604338	0.005	0.0
52	0.4016901544235089	0.012921222107244858	-0.058529156008898686	-0.2368765702318249	0.005	0.0
53	0.9121035032122524	0.8657818044623887	-0.1256525609081602	0.16503050017618492	0.005	0.0
54	0.3813399073226624	0.361283588069306	-0.27638359005955876	0.19592086606042264	0.005	0.0
55	0.88605293519397	0.6413246629990705	0.2704330710002683	-0.18575341383934907	0.005	0.0
56	0.4198499968999201	0.6478649429991397	-0.2121550053908407	-0.24853334679269098	0.005	0.0
57	0.39472445832098446	0.7625886950208801	-0.23863092282695228	-0.08775970619470849	0.005	0.0
58	0.8191858768813388	0.1871132171968912	-0.10851646996832734	0.07834179567529753	0.005	0.0
59	0.7854390976369896	0.7885429154487977	-0.19125808764480318	0.14988418838716916	0.005	0.0
60	0.8188908698282386	0.28758071581919603	0.20389547617385412	0.1838070358906198	0.005	0.0
61	0.7863775679124301	0.728507557669471	0.09083987921975334	0.009700065324865004	0.005	0.0
62	0.4448104717092144	0.9021288285325553	-0.12061743020259436	0.21690193169057242	0.005	0.0
63	0.7294254793123398	0.604260218601806	-0.16224425954766578	0.014430591017496441	0.005	0.0
64	0.2505015332675689	0.5234884123807388	-0.02851936443682679	-0.13333134917109069	0.005	0.0
65	0.019277497340479694	0.48279087441471685	-0.26438216303659556	-0.09715522324551545	0.005	0.0
66	0.8578498871281213	0.5201369854998678	-0.26838189368907983	0.0872188358268382	0.005	0.0
67	0.2740741458649474	0.8134164933135157	-0.1820816844201267	-0.18050393968208853	0.005	0.0
68	0.4909197129845479	0.5049537844899715	0.08510612520566435	0.21136260101134124	0.005	0.0
69	0.2225294164886515	0.7002498273883164	-0.04197837522133141	0.22461296176461648	0.005	0.0
70	0.036778955953525	0.44117788902206884	0.03380334972496829	0.040621489686264556	0.005	0.0
71	0.874854907884817	0.8485142876926343	0.27031727876948336	-0.08135747436948776	0.005	0.0
72	0.7114472678782076	0.7188527832119403	-0.2750240043453608	0.051752971400404135	0.005	0.0
73	0.21083550811097077	0.302109794862798	-0.24412642262939074	-0.18327820358693636	0.005	0.0
74	0.09529138837801424	0.6983598329987024	-0.017772946784036847	0.21320274433316483	0.005	0.0
75	0.17317477955784416	0.04606574647068517	0.061138655497195826	-0.20264720258802454	0.005	0.0
76	0.7507623503196011	0.41889574227415843	0.054549336973788165	0.2756905630270477	0.005	0.0
77	0.6443399696140005	0.054793894292377146	-0.03681557574137995	0.1326260853704721	0.005	0.0
78	0.6937665458831356	0.9471328902995237	0.15097140789270658	-0.23353936213645027	0.005	0.0
79	0.13558326998826278	0.07362754254426439	0.0738399470804621	-0.19622778792656934	0.005	0.0
100	0.7306043571081683	0.545970441830923	-0.1663827288514659	0.08167332324595933	0.005	0.0
80	0.5627939580234121	0.13422436965646858	-0.23900649969468413	-0.24903029544587985	0.005	0.0
81	0.5696831495019079	0.3644077625119761	-0.12532792465812395	-0.275584036209261	0.005	0.0
82	0.2734659292035317	0.8452743809395683	0.09610493044360424	0.07688702940251035	0.005	0.0
83	0.12017909879224897	0.5163281945501826	0.05078191335236071	-0.29174800550964747	0.005	0.0
84	0.43002540937874606	0.6812347456439953	-0.004648129600562212	-0.08787468393224837	0.005	0.0
85	0.8873735568696024	0.6107484926479474	-0.15861399340780535	-0.23213954690069638	0.005	0.0
86	0.252793691050875	0.7706885236725782	-0.012075876724205181	-0.06137909041242104	0.005	0.0
87	0.028874040798040786	0.3661882849567451	0.2751509258585522	0.28138174376789665	0.005	0.0
