31
t  0.000000
22	0.14032319256734674	0.3112784524749599	0.2012571996313191	0.28429105439819563	0.005	0.0
23	0.20123289078711804	0.35722111324006817	-0.23083752154639625	-0.10689826119595938	0.005	0.0
24	0.31585133926735853	0.4123738614057036	0.11594323362439346	-0.02120884082876301	0.005	0.0
25	0.3944338896761571	0.2516576600323997	0.16261650687530782	-0.2800994529063835	0.005	0.0
26	0.3078466607069239	0.39052766532581046	0.22463217806737618	-0.09120222982522988	0.005	0.0
27	0.36718509189123105	0.4800670841604002	0.18956181702794211	0.0051028702592997854	0.005	0.0
28	0.3367386867414013	0.2500723553395398	0.06703398692303031	-0.17433508098700784	0.005	0.0
29	0.41486304597552137	0.45480068911922955	0.2261685154448106	0.019497500793655975	0.005	0.0
30	0.34818904149017954	0.21231021659591304	0.16916102794271665	0.18291546742963366	0.005	0.0
10	0.17965520699703785	0.20676145690540051	-0.26567239615623106	-0.22190146109890502	0.005	0.0
11	0.1609917212128434	0.1860720565703852	0.25262494438661837	0.027042045918100444	0.005	0.0
12	0.35692836828360264	0.09564389466043685	0.11620608030362545	-0.20539600372810962	0.005	0.0
13	0.3792209228005008	0.3327673367825372	-0.039505776787857494	-0.27798845668325967	0.005	0.0
14	0.3770555303333422	0.046918044525008896	-0.24481565747866915	-0.21485899662514296	0.005	0.0
15	0.1574529307554796	0.2087764112946672	0.24140396403774383	0.24053899096851755	0.005	0.0
16	0.45833166286385835	0.22570158483365443	-0.061833747907812014	-0.2646856281479641	0.005	0.0
17	0.23273663300005457	0.2525887534820496	-0.10491329703028976	0.20977678341040623	0.005	0.0
18	0.3598581300925204	0.009547781079073054	0.27673354745037576	-0.29646664683316887	0.005	0.0
19	0.1008984265044245	0.46816390356785037	0.2911298532678443	-0.07365880870143948	0.005	0.0
0	0.28520589060639734	0.19946157797386416	0.0	0.0	0.05	0.0
1	0.14730718680635224	0.3024869343847276	-0.14996832419476594	-1.997135678748485E-4	0.005	0.0
2	0.39228746263562353	0.20335923063358513	0.029209412102569998	0.11008787832852218	0.005	0.0
3	0.12539692328768318	0.3064243880516168	-0.25275111320869575	0.23372699165691196	0.005	0.0
4	0.12261246015476865	0.010656579624424973	0.2684619670259099	-0.04074397593004003	0.005	0.0
5	0.10663235912136612	0.3109379960084216	-0.09917350287383592	0.1329019136048285	0.005	0.0
6	0.10115547567661522	0.27384661207773514	0.1687391762135677	0.15749231130987523	0.005	0.0
7	0.11506278748192578	0.23341868174093874	0.2464974297786064	0.1342240553370166	0.005	0.0
8	0.4899977936393051	0.12478922233389567	-0.20235414633938154	0.03339045284340536	0.005	0.0
9	0.10414879720859219	0.4458109066596154	0.004971094753247585	-0.25674463980138323	0.005	0.0
20	0.47558686813088846	0.07623580031796232	-0.07917559149272838	0.27434933160651104	0.005	0.0
21	0.2582014127845462	0.3668334506193542	-0.020403659594366685	0.2604494929958158	0.005	0.0
