0.0	1.0	1.0	1.0	1.0
0.01	0.9219895529640427	0.9228088213402365	0.9214795918367347	0.9228274149711833
0.02	0.7143537864734492	0.7172837795625596	0.7114212827988338	0.7174050332923884
0.03	0.40843915055335833	0.41400468128255324	0.40179263848396496	0.414344179285352
0.04	0.04905625282901785	0.056760912455445255	0.038477095481049495	0.05750708855352462
0.05	-0.3120541047740074	-0.3037945518725617	-0.3255284312526031	-0.3023288203812687
0.060000000000000005	-0.623658986235392	-0.617195826231823	-0.6378347458806226	-0.614686046511094
0.07	-0.8422910959772726	-0.8402067580657494	-0.8541910122302556	-0.8364577299098096
0.08	-0.9382997341773053	-0.9428076443918113	-0.9447438298257259	-0.937845006527064
0.09	-0.8998544271296481	-0.9122165275858898	-0.8981410354179132	-0.906344884430787
0.09999999999999999	-0.7343632804493742	-0.754441064391598	-0.7229184500704868	-0.748257348437764
0.10999999999999999	-0.4671425392872239	-0.4931977400251061	-0.4460062674255283	-0.48753564347709905
0.11999999999999998	-0.13756601563871237	-0.1663680528076556	-0.10860843777686846	-0.16217856690601573
0.12999999999999998	0.20672291291716666	0.17948540269721452	0.2399169543235325	0.18129470572797807
0.13999999999999999	0.5166877670931782	0.4957446870971445	0.549269044222364	0.49448564981578325
0.15	0.7488729278270022	0.7385621668996573	0.7754550029322919	0.7339266348784323
0.16	0.8714847244327146	0.8749309888766601	0.8870364037332583	0.8671034510824032
0.17	0.8687303024026819	0.88716092191809	0.8694856942901101	0.8768571687623842
0.18000000000000002	0.7428243405169388	0.7751536004808882	0.7270510950101046	0.7635713496604069
0.19000000000000003	0.5134129845911679	0.5561877408082924	0.4818948057909638	0.5448694610601069
0.20000000000000004	0.2145342674182854	0.2622768980089217	0.17066490780525057	0.25290021923204403
0.21000000000000005	-0.11041810861046347	-0.06449927469320486	-0.16097150424403517	-0.07037443560796469
0.22000000000000006	-0.41498440661114494	-0.37801102311796314	-0.4650200849010659	-0.3791999596376533
0.23000000000000007	-0.6562717595224359	-0.6345828075374217	-0.698096617767185	-0.6304960035002449
0.24000000000000007	-0.8009847600025839	-0.7990698933314282	-0.8276084544271123	-0.7898566664893945
0.25000000000000006	-0.8300073226705704	-0.8496629149656819	-0.8363005949579804	-0.8362498226779094
0.26000000000000006	-0.7409071598227832	-0.7807649644416155	-0.7245340506577741	-0.7647753092510261
0.2700000000000001	-0.5480379457133803	-0.6035638391902534	-0.5099988877190954	-0.5871229199795518
0.2800000000000001	-0.28025963557091377	-0.34424934680836783	-0.22493746730082365	-0.32969863733050303
0.2900000000000001	0.02336513108335661	-0.04015557775978115	0.08868932999358753	-0.029714806490415496
0.3000000000000001	0.31925881670817213	0.26560536585809397	0.38536987859096705	0.270178863762573
0.3100000000000001	0.5655742564384262	0.5302480684151417	0.6226382492046957	0.52795025184242
0.3200000000000001	0.7281036817090256	0.71729353224867	0.7671443776519598	0.7080673281163354
0.3300000000000001	0.785018451167401	0.8015892392778651	0.7993314914413654	0.786386161822101
0.34000000000000014	0.729784377409556	0.7726798987432683	0.716066297580314	0.7533734282575782
0.35000000000000014	0.5718657823726474	0.6360788660005242	0.5308707617797295	0.615235370082909
0.36000000000000015	0.33515061583407924	0.41228967360720997	0.2717541223653382	0.39282467156123757
0.37000000000000016	0.054353124102890726	0.13374374074833095	-0.02301087613542302	0.11850997778424448
0.38000000000000017	-0.23006637934939317	-0.15989038592569255	-0.31053230920315844	-0.16852427159809352
0.3900000000000002	-0.47772265546572196	-0.4273490624201492	-0.549532795016382	-0.4278666494140815
0.4000000000000002	-0.6540313372829037	-0.6315654001175566	-0.7062677249781155	-0.6235602513000555
0.4100000000000002	-0.7350288155556359	-0.7447989462090292	-0.7592805841160114	-0.7290792681653803
0.4200000000000002	-0.7106159022000564	-0.7523943530899933	-0.7023265898866226	-0.730913098307438
0.4300000000000002	-0.5857882330469578	-0.6546611528045174	-0.5450683766383697	-0.6302753972711331
0.4400000000000002	-0.37970822380627617	-0.46663613054259107	-0.31147333963804724	-0.4427251194729593
0.45000000000000023	-0.12278158742565111	-0.21578902842820485	-0.03617392019120785	-0.19578228341723838
0.46000000000000024	0.14781798455515077	0.061980831730845114	0.24065824173689582	0.0750989195776332
0.47000000000000025	0.3935187680329282	0.3274748995817603	0.4791668578356219	0.33161196028655404
0.48000000000000026	0.579841069553519	0.5437205546865986	0.6455420601147818	0.538007511506353
0.49000000000000027	0.6812271322656781	0.6811131959148842	0.7168049408177022	0.6660678381929539
0.5000000000000002	0.6845355778004775	0.7214610630451033	0.6839697008110789	0.6989549944825393
0.5100000000000002	0.5907242805096604	0.6603813305184913	0.5531500203978993	0.6334094345070072
0.5200000000000002	0.41450938991762976	0.507733765891971	0.3444778722165898	0.4800142754766954
0.5300000000000002	0.18207830135411043	0.28605678582861793	0.08901954106572812	0.2615156107423626
0.5400000000000003	-0.07279079443143116	0.027250584089400485	-0.17584064967072205	0.009461872751734006
0.5500000000000003	-0.31362932518381387	-0.23200600663638446	-0.4118641867264454	-0.24034288094775003
0.5600000000000003	-0.5064889634520018	-0.45544747690942744	-0.5854722419084468	-0.45291766312045983
0.5700000000000003	-0.6247190509324062	-0.61228837197411	-0.6725154654446863	-0.598995852869576
0.5800000000000003	-0.6526396540549425	-0.6814577849854248	-0.6616232562122689	-0.659046181378801
0.5900000000000003	-0.5876054562113178	-0.6544201827755309	-0.5556695031330715	-0.625872166554639
0.6000000000000003	-0.44019122665596166	-0.5362064011160844	-0.3711690064799468	-0.505445820682984
0.6100000000000003	-0.2324998965200525	-0.34453385724868174	-0.13571903925634624	-0.31588382314074653
0.6200000000000003	0.005139516070950095	-0.1071638404750553	0.11611971597618428	-0.08473600640028046
0.6300000000000003	0.23859244828059062	0.14211161604238712	0.3478893066231447	0.15500985771228598
0.6400000000000003	0.43481466680108233	0.3682742092503542	0.5265060795676595	0.36962879010243294
0.6500000000000004	0.5665222910845804	0.5399929550984182	0.6269763671197124	0.5293959882847448
0.6600000000000004	0.6159770119875758	0.633958260195671	0.6358851232225452	0.612696345657321
0.6700000000000004	0.5773626111074738	0.638037838066641	0.5531718685531938	0.6089390175215624
0.6800000000000004	0.45743627152057686	0.5528283827816107	0.39196123622314694	0.5198854747286197
0.6900000000000004	0.2743874216735935	0.39140681552776085	0.1764984550540748	0.3592274069504916
0.7000000000000004	0.05509201626822342	0.17733927532044533	-0.061487866740585734	0.15049846148947257
0.7100000000000004	-0.1688250385420609	-0.05875105823051252	-0.2874512854082788	-0.07636385643202875
0.7200000000000004	-0.3655436003312063	-0.2835585702030636	-0.46903630801434376	-0.28930508804278277
0.7300000000000004	-0.5075634346065068	-0.46578817236970416	-0.5807050834664043	-0.4586766336192469
0.7400000000000004	-0.5755410723851953	-0.5805061294395949	-0.607321319865706	-0.5613572051553355
0.7500000000000004	-0.5609141588387127	-0.6125446854161165	-0.5461896176281116	-0.5839009450791692
0.7600000000000005	-0.46695878532511714	-0.5584966060219225	-0.4072773661996318	-0.524284773432483
0.7700000000000005	-0.3081526683968007	-0.42703899170768667	-0.21161151926881938	-0.39202992232731454
0.7800000000000005	-0.10795913114747938	-0.23756276896151093	0.011894701140686553	-0.2067036840714559
0.7900000000000005	0.10463088982594483	-0.017321542061730484	0.23070759233480645	0.00496565523308602
0.8000000000000005	0.29929037512450063	0.20248220503840167	0.4134028338267852	0.21293665199502138
0.8100000000000005	0.44867623154519437	0.3911123727090367	0.5341726123957511	0.38811233862993016
0.8200000000000005	0.5322633045897769	0.522591944043156	0.5764644104791744	0.5064050873983866
0.8300000000000005	0.5391557778007162	0.5792743319463881	0.5352394243751986	0.5520417034303918
0.8400000000000005	0.46949216324674325	0.5542032533815036	0.41754404327491257	0.5196562784607299
0.8500000000000005	0.334265109661695	0.4519468107458489	0.2413346586153838	0.41489466337003467
0.8600000000000005	0.15360464508682864	0.28780893973855826	0.03274821390908461	0.25346694748173537
0.8700000000000006	-0.04620934151204293	0.08554958239062777	-0.1777680054316136	0.0588027637927648
0.8800000000000006	-0.23656324045495694	-0.12604819201139855	-0.35989520496745986	-0.14134212733212326
0.8900000000000006	-0.39060127335839623	-0.31726902155081316	-0.4878042079445508	-0.318837476105876
0.9000000000000006	-0.48700824096042683	-0.46163335291850466	-0.5438123511973278	-0.4491266194256458
0.9100000000000006	-0.512951541587477	-0.5395588546881159	-0.5208193218059876	-0.514617679317801
0.9200000000000006	-0.4657774955241648	-0.5410096367863673	-0.4231877099147816	-0.5070504687546509
0.9300000000000006	-0.35323955034054727	-0.466775900419683	-0.26596231547348215	-0.428521885655445
0.9400000000000006	-0.1922473673688357	-0.3282228318079382	-0.07256271172406031	-0.2910451030254344
0.9500000000000006	-0.0063356982590200405	-0.14556373802197636	0.1286985294274364	-0.11472513645610313
0.9600000000000006	0.17776939148289375	0.05508189129927022	0.30875526034000705	0.07517387118555727
0.9700000000000006	0.3339868864604613	0.24541815741463216	0.4419803971178333	0.25184287547355694
0.9800000000000006	0.4405698937860499	0.39895848362483527	0.5098277495381806	0.3907074263586627
0.9900000000000007	0.4831264325111129	0.494706535326355	0.5034063342445151	0.47284035212780084
1.0000000000000007	0.45655329601079875	0.5200214733204099	0.4246309716507283	0.48753450906721935
1.0100000000000007	0.3656245678718467	0.4722773979987686	0.2858025900917478	0.43368691139241944
1.0200000000000007	0.2241709107450858	0.35910055307451944	0.10769957954932313	0.3198170999622386
1.0300000000000007	0.052986514663379454	0.197169582859078	-0.08352528955656624	0.16273654737193538
1.0400000000000007	-0.12322097420120151	0.009765299578897659	-0.2601799181568868	-0.01492526913282028
1.0500000000000007	-0.27939109969184867	-0.17657111042671247	-0.3970382763226077	-0.18797516159216593
1.0600000000000007	-0.3936694650235936	-0.3357924800138201	-0.47493750225105574	-0.33222369813927016
1.0700000000000007	-0.45046018033305063	-0.4459822060542849	-0.48345453082868034	-0.4278613808257481
1.0800000000000007	-0.4425463999302689	-0.49236586852607983	-0.4222893674700215	-0.4621730392362562
1.0900000000000007	-0.37199180258900866	-0.46928483377743924	-0.30117320972122413	-0.431219374586741
1.1000000000000008	-0.2497129164273948	-0.38086929332398345	-0.13833431716301944	-0.3402646174834861
1.1100000000000008	-0.09380227476475318	-0.2403334961351459	0.04223837034485228	-0.20290814371998128
1.1200000000000008	0.07314163415873105	-0.06800963563712403	0.21432406508870172	-0.039060144984221584
1.1300000000000008	0.2272845418825696	0.11158824780057017	0.35327304780379576	0.12793851737309847
1.1400000000000008	0.34695423493270294	0.2732471096045677	0.4395327759936408	0.27463645225535194
1.1500000000000008	0.41568235789882235	0.3945902780385396	0.4613934739636448	0.3807602773098474
1.1600000000000008	0.4244640171705917	0.45917022503546273	0.4165685297519862	0.43201107934632865
1.1700000000000008	0.3729261398347941	0.45869192321378327	0.31239782590605575	0.42198382167362375
1.1800000000000008	0.2692547844883468	0.39406712036295205	0.16466311584538582	0.3529531125380891
1.1900000000000008	0.1289097690696658	0.2751672622448955	-0.004795572093863526	0.2354312802768477
1.2000000000000008	-0.027673465554935633	0.11932651943396998	-0.17130351117684722	0.08657810961483779
1.2100000000000009	-0.17805412977094423	-0.051179483678365376	-0.3109397584701225	-0.0722985797043208
1.2200000000000009	-0.30099751329793056	-0.21231331079699836	-0.40396929607926413	-0.2187882948884829
1.2300000000000009	-0.37946865694983206	-0.341660471755744	-0.4376270357849222	-0.3325345879436856
1.2400000000000009	-0.40298691427703137	-0.4215432403115701	-0.4078617183976285	-0.39805910113882165
1.2500000000000009	-0.3690168099882831	-0.4414315511919877	-0.3198026382226853	-0.4068618376943686
1.260000000000001	-0.28321198428923827	-0.3993229162134238	-0.186899069712803	-0.3585135477646298
1.270000000000001	-0.15849431788950966	-0.30191175263566306	-0.028873938734554766	-0.26060141578384294
1.280000000000001	-0.013115771922545934	-0.1635401622712156	0.13119797849514325	-0.12755192664692946
1.290000000000001	0.13200741195376464	-0.004092729713595691	0.27025520559547833	0.021488174734818666
1.300000000000001	0.2562995362916793	0.15385651345533388	0.3685679094369591	0.1654024634970785
1.310000000000001	0.34243826087333323	0.2882362210785538	0.41253255528071847	0.2840924725609278
1.320000000000001	0.37876368692627604	0.380558105861244	0.39654771215805207	0.36128027525281015
1.330000000000001	0.3608494179728711	0.41845618371335186	0.32371334013622755	0.38673582483962793
1.340000000000001	0.29202500392484265	0.39733677710436693	0.20526862820311687	0.35762502415334646
1.350000000000001	0.1827909398647414	0.32092005551124336	0.05886610569781045	0.27880205020474924
1.360000000000001	0.04922528987471105	0.2006117676434728	-0.09405409451833732	0.16201993612620144
1.370000000000001	-0.0893774410669665	0.053808226296119144	-0.23139997606956939	0.02418539968610327
1.380000000000001	-0.2132891929501787	-0.09861453624930513	-0.33361538902681026	-0.11508392006539103
1.390000000000001	-0.30515222641830564	-0.2352656807857954	-0.3864603085908748	-0.23624754308157553
1.400000000000001	-0.352406075031848	-0.3372379720770204	-0.38298903883823365	-0.3225798673500468
1.410000000000001	-0.34899890071910056	-0.3907198949365906	-0.32445238032433465	-0.36247451953013204
1.420000000000001	-0.29615098302511644	-0.38886116105456314	-0.22000829553743456	-0.3509985040442133
1.430000000000001	-0.2020758659025704	-0.33264039207951634	-0.08529860241162093	-0.2904889604898671
1.440000000000001	-0.08071387137326384	-0.23062658251838813	0.05988836407361914	-0.1901224670442801
1.450000000000001	0.05032805382168491	-0.09768206976162996	0.19452058812254897	-0.06453183030144365
1.460000000000001	0.1723264675270702	0.047197840298271385	0.29936544822158484	0.06832225571849586
1.470000000000001	0.2681127833133185	0.18359523034141007	0.3597332651164803	0.1897158019065594
1.480000000000001	0.3244852646719327	0.29254369836759586	0.3675305250162076	0.28279672403268497
1.490000000000001	0.33402339942970044	0.35916215164558907	0.3223365307936579	0.33492029653872657
1.500000000000001	0.2960560596618866	0.37468302608257065	0.23136158027432013	0.3393617722356483
1.5100000000000011	0.2166584681778152	0.33759912803536224	0.10830761074966438	0.2961749597712834
1.5200000000000011	0.10769253265645146	0.25378014676832583	-0.028690096596057757	0.2120885336511646
1.5300000000000011	-0.014959446654840258	0.13555592206260172	-0.15973170673612608	0.09946825905804853
1.5400000000000011	-0.13370548747352007	-9.190089825277431E-5	-0.26603993507470647	-0.02549616369816101
1.5500000000000012	-0.2317634591304454	-0.13396533541703665	-0.3326471024134813	-0.1451145032651516
1.5600000000000012	-0.2955291146620437	-0.2473638678260704	-0.3504981451526348	-0.2426967617531569
1.5700000000000012	-0.3164590233213267	-0.3246934535409001	-0.3176747513694267	-0.3048782742671994
1.5800000000000012	-0.2922084496294967	-0.3556071612782438	-0.23957619561232946	-0.32344574682186067
1.5900000000000012	-0.22687366086453034	-0.33638415671846233	-0.1280447686930445	-0.2964153720844161
1.6000000000000012	-0.13031733281035376	-0.2703640517717735	4.2426816327270633E-4	-0.22822252179827088
1.6100000000000012	-0.01668605658561882	-0.1673881384127045	0.12711840625501092	-0.12900902994100538
1.6200000000000012	0.09765807129402686	-0.04233855288050564	0.2338301779178329	-0.013120761646443432
1.6300000000000012	0.19648993650118005	0.08700860270904318	0.30547045337986045	0.10296274841707584
1.6400000000000012	0.2660202407211687	0.20250700963612223	0.33219814945101617	0.20296834861491267
1.6500000000000012	0.29681547276665354	0.28818288675057696	0.3107663386610754	0.27310720438484104
1.6600000000000013	0.28507226503781574	0.33244087281653223	0.24490150888182943	0.30397221730425217
1.6700000000000013	0.23307481699998162	0.3296288966837563	0.14467429669495918	0.2917943822927309
1.6800000000000013	0.1487824064588574	0.2807514965825321	0.024965699565709876	0.2388910835751084
1.6900000000000013	0.044618139481369744	0.19324288193068503	-0.09673845600638285	0.15325495745695603
1.7000000000000013	-0.0643576758736185	0.07984368752875136	-0.2028984553439827	0.04735313765796855
1.7100000000000013	-0.16262155075930945	-0.0432498430181989	-0.2784453599545158	-0.06368361774875364
1.7200000000000013	-0.23639488669781372	-0.1586959409023533	-0.3129164495433457	-0.16421944997451393
1.7300000000000013	-0.27557248238556453	-0.2504476100602129	-0.3018993463817022	-0.24031210174090106
1.7400000000000013	-0.27510206899088335	-0.30598014809972757	-0.24758623669104987	-0.2816430558644234
1.7500000000000013	-0.23562723440927436	-0.317997111981709	-0.15837030899347826	-0.2829123893707166
1.7600000000000013	-0.16331328335014234	-0.28538290483710427	-0.04755525884961134	-0.24451043153290775
1.7700000000000014	-0.06889261574744757	-0.2132785384510132	0.0686246070024755	-0.17238234349057707
1.7800000000000014	0.03392364890336312	-0.11228136178439563	0.17337956531138043	-0.07711604783460702
1.7900000000000014	0.1304333381159628	0.0031079421350056462	0.25178790840322396	0.027607639002839402
1.8000000000000014	0.20704251012196043	0.11656411269226609	0.2929182409988873	0.12697639392385357
1.8100000000000014	0.25317703857672214	0.21224425890073556	0.29134926291122737	0.20713854683528282
1.8200000000000014	0.26273815412504126	0.2769973841084396	0.24787638044690635	0.2571309186988659
1.8300000000000014	0.23490217299653673	0.30216872891906227	0.16931431406554143	0.27037446099200335
1.8400000000000014	0.17416054801207087	0.2847518384190026	0.06743616673799692	0.24553419661098475
1.8500000000000014	0.08960561584863058	0.22773569595009982	-0.04278686002562636	0.1866319488776746
1.8600000000000014	-0.006425698594619764	0.13960882619348453	-0.14538246982779468	0.10240665700925546
1.8700000000000014	-0.10014854742034307	0.0331006714464993	-0.2256890222505224	0.005022609234671045
1.8800000000000014	-0.17830600831654958	-0.07665382278815144	-0.2724478417644262	-0.09168410184919266
1.8900000000000015	-0.23004132117201492	-0.1742622213445563	-0.2793779312267218	-0.1741685731603712
1.9000000000000015	-0.24840252493209955	-0.24623073117122893	-0.24601339544965564	-0.23107142818282642
1.9100000000000015	-0.2312714759779096	-0.28282678904798036	-0.1776929063677442	-0.25477995882590476
1.9200000000000015	-0.18159388244312674	-0.2793914154709473	-0.08471403798229057	-0.24244198696192232
1.9300000000000015	-0.10688790435137792	-0.23692493410739382	0.019214697561580535	-0.19629810449262672
1.9400000000000015	-0.018111500174087202	-0.16187357416271525	0.11899199342573066	-0.12329539306689057
1.9500000000000015	0.07194153228691452	-0.06515717888885848	0.2003153900047191	-0.03404695649096701
1.9600000000000015	0.15048251132156243	0.039416139885005065	0.25172872592272527	0.058707622082013466
1.9700000000000015	0.20654131525922553	0.13711871339947965	0.2662326957625064	0.1419180353427807
1.9800000000000015	0.2324955570683002	0.21437507109286347	0.24223258545223103	0.2040568034710452
1.9900000000000015	0.2251027788177164	0.26064564513498534	0.18369564965214044	0.23671337735249473
2.0000000000000013	0.18589652518284247	0.26986141124718493	0.09950602851681811	0.2357287586210536
2.010000000000001	0.12089938577900619	0.24121464833885012	0.002120735857203293	0.20171812441443648
2.020000000000001	0.03970363692180514	0.1792035827150255	-0.09427055539776244	0.13991688586571957
2.0300000000000007	-0.04594094474250014	0.09293436203432617	-0.1758105059965151	0.05938135345119587
2.0400000000000005	-0.12382466883849247	-0.005212370584884159	-0.23096373258252478	-0.028334800893324883
2.0500000000000003	-0.1830160366693707	-0.10135555782913137	-0.25214576039113973	-0.11083534109673704
2.06	-0.21539330120975406	-0.18207461919647316	-0.23676171346963026	-0.17663088701296215
2.07	-0.21675530174268828	-0.23628047534421837	-0.1875131504746943	-0.21673641458678292
2.0799999999999996	-0.18736017112378667	-0.2567361910847764	-0.11193865605420518	-0.22589508374035247
2.0899999999999994	-0.13182384795018304	-0.24101910978622154	-0.021264518321796932	-0.20326216125130955
2.099999999999999	-0.0584021001356987	-0.1917971677788789	0.07125991751263304	-0.15246083739724192
2.109999999999999	0.02223315643784253	-0.1163896495207815	0.15229580389120945	-0.08101102220694799
2.1199999999999988	0.09854236017734669	-0.025683108680400274	0.21033543026952017	7.799244296928667E-4
2.1299999999999986	0.15976731307648873	0.06743755156935029	0.23733374151820738	0.0813014203874245
2.1399999999999983	0.1974453944113005	0.14991711354348963	0.22981981870981497	0.14928549736059407
2.149999999999998	0.2065762147476263	0.21035816121583056	0.18933531902544687	0.19538127102025651
2.159999999999998	0.18628032812941325	0.240593595947662	0.12214576249810609	0.21343837820728412
2.1699999999999977	0.13986398334289038	0.23678693876999246	0.03827591172969093	0.20132362136262277
2.1799999999999975	0.07428937426211198	0.19991266300589977	-0.04998293066228181	0.16116297954666892
2.1899999999999973	-8.658387581765431E-4	0.1355574288330007	-0.12987186372278295	0.09898321622918246
2.199999999999997	-0.07480475866906319	0.05307883797629141	-0.19000661785536885	0.023811832678797894
2.209999999999997	-0.13706006201824383	-0.03575229148709979	-0.22199740024295145	-0.053630798692316003
2.2199999999999966	-0.17897353830224147	-0.11842953153249827	-0.22161622876353976	-0.12245802453034657
2.2299999999999964	-0.19489755795555377	-0.1834695475437526	-0.18934981309713544	-0.1731451534507378
2.239999999999996	-0.18295213893820017	-0.22200487300715388	-0.1302666211821819	-0.19884512814227215
2.249999999999996	-0.1452367210063451	-0.2289901446313926	-0.053226409152497794	-0.19631023586801885
2.259999999999996	-0.08747455072098179	-0.2038581133307478	0.03044526558508144	-0.16629625749968918
2.2699999999999956	-0.0181483612551307	-0.15054082655121442	0.10861967461931145	-0.1133997503210113
2.2799999999999954	0.05274268508368173	-0.07686126332030462	0.1701209438238412	-0.04535931172712767
2.289999999999995	0.11512300732307917	0.006611316618934721	0.20632153763754532	0.028073637613227603
2.299999999999995	0.16027050074672775	0.08807525431155731	0.21234975562432704	0.09653017295370905
2.3099999999999947	0.18203369503232592	0.15616307720394715	0.1877406598662014	0.15048594323560538
2.3199999999999945	0.17766666998192443	0.20152571695537952	0.13644419039698516	0.1825841342084446
2.3299999999999943	0.148168893997613	0.21811386017372622	0.06619787633696635	0.1886358622796574
2.339999999999994	0.09808899738763552	0.2039811552538717	-0.012637114460267412	0.16816235825191123
2.349999999999994	0.034828106497499185	0.16150314792635165	-0.0886019367284826	0.12440944725104863
2.3599999999999937	-0.03245118816362142	0.09698891256277009	-0.15080362651358992	0.06383978035728259
2.3699999999999934	-0.09414977633117205	0.019747583043403814	-0.19047503742494637	-0.004818605079510827
2.3799999999999932	-0.14159959574156888	-0.059252582973523316	-0.20220806369919286	-0.07182774858709105
2.389999999999993	-0.16827927304729406	-0.12893977153550884	-0.1846870491793718	-0.1278189738782294
2.399999999999993	-0.17070766263083462	-0.17968846253312132	-0.14082351326425172	-0.16510077401897197
2.4099999999999926	-0.14889326029129704	-0.20464687449434787	-0.07728079367163096	-0.17871307159295277
2.4199999999999924	-0.1062822240543383	-0.2006592356099421	-0.003465148236689655	-0.16708368514682406
2.429999999999992	-0.049219668380808795	-0.16865915366771264	0.0698643871961533	-0.13220063328401388
2.439999999999992	0.013992294342251714	-0.11348593648382546	0.13216225888049019	-0.07928299352572012
2.4499999999999917	0.07430032183054128	-0.043157045897789036	0.17461104067392005	-0.01600356127263353
2.4599999999999915	0.1231945952493636	0.0322944972897484	0.1913671977033773	0.04862138088766328
2.4699999999999913	0.15390765867815812	0.10224950715183789	0.18036229121218855	0.10551485071040301
2.479999999999991	0.1623487369970198	0.15699544536071017	0.14355026275827099	0.14681226628819338
2.489999999999991	0.14764488863181655	0.18907304425752414	0.08657260344563689	0.1669465569358274
2.4999999999999907	0.11221797474239867	0.19429029982032126	0.017897355696244316	0.16339586119229796
2.5099999999999905	0.06139328401195638	0.17226633690648233	-0.05243713638788297	0.1369937997486316
2.5199999999999902	0.0026021270231122154	0.1264351868279398	-0.1142876822749304	0.09176503964003804
2.52999999999999	-0.055702614706833534	0.06351596255536417	-0.1588672375657651	0.03431593053523544
2.53999999999999	-0.10526002629744512	-0.007469537673795854	-0.1799912581959342	-0.027128066914921752
2.5499999999999896	-0.13916981793382813	-0.07648852311911611	-0.17493293068439122	-0.08389823569522294
2.5599999999999894	-0.1528510337666667	-0.13391352680287905	-0.14476942955280217	-0.12810390579740794
2.569999999999989	-0.14465791488997043	-0.17186364072738178	-0.09417616583254948	-0.15372738257570168
2.579999999999989	-0.11607057143651917	-0.18528405972060435	-0.030705998170874285	-0.15744082634293768
2.5899999999999888	-0.07143961179095454	-0.17261634711530663	0.036336001862483466	-0.13903453242346528
2.5999999999999885	-0.01732743210471619	-0.13597099374022742	0.09725491471766477	-0.1014020954542261
2.6099999999999883	0.03845455583908865	-0.0807845993654007	0.14336626180683298	-0.050090822544258604
2.619999999999988	0.08797180693960356	-0.015016315989890448	0.16823221249542256	0.0075134235819076115
2.629999999999988	0.12429360456348303	0.051998078292995194	0.16855800927196776	0.06324751294394587
2.6399999999999877	0.1424612755716343	0.11086975943312895	0.14462414938490947	0.10932622574948767
2.6499999999999875	0.14016266916061612	0.15347066844140203	0.10019832575079635	0.1394280763443813
2.6599999999999873	0.1180215278985712	0.17405393037008307	0.04194673903457783	0.14956057720614066
2.669999999999987	0.07946631959237328	0.1700266907176212	-0.02156382889836373	0.13858679516047076
2.679999999999987	0.030203249344527224	0.1422717939968221	-0.08112412016975933	0.10834420145297345
2.6899999999999866	-0.022626058681423342	0.09497917323720854	-0.12821617385115833	0.0633449404978919
2.6999999999999864	-0.07147817550436687	0.035016899246930785	-0.1562298288041576	0.01010546516298323
2.709999999999986	-0.10948342097903772	-0.029064167212459118	-0.1613884674377458	-0.04379524528881789
2.719999999999986	-0.13141022612370507	-0.08824815279505888	-0.14325466576889467	-0.09079303364782684
2.7299999999999858	-0.13438316909957687	-0.13432117149095496	-0.10474859158331049	-0.1243985544518056
2.7399999999999856	-0.11825644672070808	-0.16100970511487725	-0.05168300342764219	-0.14009158191656143
2.7499999999999853	-0.08559483422869811	-0.16483282058314785	0.008111787629537466	-0.1359266390542407
2.759999999999985	-0.041270544422547434	-0.14555274890116682	0.06594160631669144	-0.11276915705473792
2.769999999999985	0.008261257173756554	-0.10616602353734658	0.11351101974614423	-0.07413430520921878
2.7799999999999847	0.055900868868280065	-0.05244238390995888	0.14411172155388638	-0.025656716920529413
2.7899999999999845	0.09492021478541741	0.007918194230485833	0.15356667660223622	0.02572932903219701
2.7999999999999843	0.11991152268829448	0.06638748464304565	0.14079742315843735	0.07278025840245979
2.809999999999984	0.12753497084069326	0.11481252516991584	0.1079379256805435	0.10896285527191626
2.819999999999984	0.11696220772141355	0.14655101887478358	0.059984644183441245	0.12935988837327728
2.8299999999999836	0.08995727566884269	0.1573807089218052	0.004039361938525929	0.13133639382193807
2.8399999999999834	0.05058873874387381	0.14605847710373976	-0.05174083941373582	0.11487662228135843
2.849999999999983	0.004619202949990725	0.11445551914713514	-0.09933145310976976	0.08254909505395361
2.859999999999983	-0.04133650722443783	0.06725519626489235	-0.13199349625406304	0.03910994183280493
2.869999999999983	-0.08076177383041325	0.011261500604221581	-0.1452260923846307	-0.009194752633560397
2.8799999999999826	-0.1081608554310912	-0.04558009069326836	-0.13738428503685923	-0.055525539860516226
2.8899999999999824	-0.11982336524676994	-0.09530869439220893	-0.10987764562108791	-0.09341664801604291
2.899999999999982	-0.11432445118820649	-0.1310616313976798	-0.0669266885934722	-0.11767693075817076
2.909999999999982	-0.09269359453949316	-0.14801998056941093	-0.014918044598527504	-0.12509938407293839
2.9199999999999817	-0.058232912150192606	-0.1440560132322125	0.0385434657603314	-0.1148824998162228
2.9299999999999815	-0.016015827808464403	-0.11999582951226907	0.08574540847947293	-0.08870848597403434
2.9399999999999813	0.027858144897327464	-0.07946546117166171	0.11997898246527547	-0.05047225726697191
2.949999999999981	0.06714328299490854	-0.028347374161350598	0.13649101955100335	-0.005704134578581493
2.959999999999981	0.09633546569028491	0.02607155609816627	0.1331418709075055	0.03922848727746536
2.9699999999999807	0.11144190421355386	0.07613742585628552	0.11067843435977669	0.0780254732494643
2.9799999999999804	0.11052535533524598	0.1149045452745365	0.07258816851201709	0.10533602733176793
2.9899999999999802	0.09394892680307836	0.13709766658338204	0.024560690751079965	0.11749519997545348
2.99999999999998	0.06429111609347493	0.13982808840923594	-0.026360330377092178	0.11301365881561767
3.00999999999998	0.025947928655662266	0.1229666780137831	-0.0728088150307575	0.09275557570633809
3.0199999999999796	-0.01551694911976586	0.08912609580219245	-0.10816054392444435	0.05978412104384273
3.0299999999999794	-0.05417810668658979	0.04325978311829471	-0.12747647930358663	0.01890093576060337
3.039999999999979	-0.08459393426530397	-0.008061224306536045	-0.12819100575169634	-0.02405153026914727
3.049999999999979	-0.10257123924125944	-0.05758832849943735	-0.11044945665079761	-0.06302366491684469
3.0599999999999787	-0.10574170367419433	-0.09841795799135933	-0.07705103533301914	-0.09260955198230023
3.0699999999999785	-0.09387117520837603	-0.1249526216784796	-0.03301060875637135	-0.10879553959679653
3.0799999999999783	-0.06886181920254772	-0.1336668137788213	0.015192484443369299	-0.10950304963570387
3.089999999999978	-0.0344512957758911	-0.12357318453850931	0.060566340438511564	-0.09485246594175567
3.099999999999978	0.004343971274893851	-0.09632767036847857	0.09661945530533159	-0.06711507078056826
3.1099999999999777	0.04195876211851859	-0.055963568403197224	0.11828816962237593	-0.03036419093650445
3.1199999999999775	0.07307623032512402	-0.008296566410402238	0.12264627521348181	0.01012128437683537
3.1299999999999772	0.09337825248672338	0.03991178634937159	0.10929757848903209	0.04861389786074587
3.139999999999977	0.10014323478752978	0.08191203333044535	0.08039916048853023	0.0797467529053725
3.149999999999977	0.09260882316551945	0.11191063353906101	0.04031691323770228	0.09926062900239663
3.1599999999999766	0.07205150306390444	0.12586783332585677	-0.005032174009573648	0.10458524695111224
3.1699999999999764	0.04157592027760612	0.12203989201438785	-0.04905215543763831	0.09517556558360941
3.179999999999976	0.0056480221416735765	0.10119314546317701	-0.08542633559835935	0.07255944899114054
3.189999999999976	-0.03055804989232881	0.06646423014647805	-0.10902250951939488	0.040094117131283184
3.1999999999999758	-0.06190399147899215	0.022890611824294933	-0.11661567955136144	0.0024696466078004205
3.2099999999999755	-0.08401545898079504	-0.02331863942171794	-0.10732668576204063	-0.034967300663214296
3.2199999999999753	-0.09389126423487494	-0.06566646510302622	-0.08271742131926654	-0.06697218411009007
3.229999999999975	-0.09030898311748416	-0.09828023761722819	-0.04653351281825506	-0.08913621611648041
3.239999999999975	-0.07397242215694462	-0.11672499779446384	-0.004136196578519893	-0.0984924477055014
3.2499999999999747	-0.04738378744494053	-0.11860505917107596	0.03829071042428421	-0.09391116784553089
3.2599999999999745	-0.014462688720588155	-0.10387258682746614	0.07464162862902957	-0.07623218521948374
3.2699999999999743	0.020030310110624033	-0.07480379816897442	0.09976675827814535	-0.04811918381146152
3.279999999999974	0.05118100587328948	-0.035650430503855586	0.11020037925999851	-0.013660508127998775
3.289999999999974	0.07462065760714683	0.007980561776177232	0.10463709784305923	0.02222407091649818
3.2999999999999736	0.08713756600003661	0.04992879554397275	0.08409087145164783	0.05448470915518053
3.3099999999999734	0.08711567827017422	0.08434923780257851	0.05171815990863209	0.07865112541921837
3.319999999999973	0.07474053825488243	0.10652559759780016	0.012335132221057685	0.09145094005924348
3.329999999999973	0.05194676177849929	0.11351528913863025	-0.028297516217877898	0.09125134376600158
3.3399999999999728	0.02211824645263396	0.1045379487311376	-0.06431612179621299	0.07826469785203016
3.3499999999999726	-0.01041277416323774	0.0810564977305782	-0.09059920101782287	0.054492597284110024
3.3599999999999723	-0.04099386783398319	0.04654340666248969	-0.1034945252026013	0.023419946334066653
3.369999999999972	-0.06531680775546878	0.0059689388500512785	-0.10132507147696249	-0.010494528625142776
3.379999999999972	-0.08002349898065006	-0.03491344173932512	-0.0846039941799066	-0.04245703156813051
3.3899999999999717	-0.08316835370288726	-0.0703819214320451	-0.05593156436445473	-0.06801535280204923
3.3999999999999715	-0.07447363624406184	-0.09554617944253468	-0.019593150404884387	-0.08367805007021693
3.4099999999999713	-0.055344580464124535	-0.10702055093362606	0.019079921871276426	-0.08739018495680806
3.419999999999971	-0.028645631166350632	-0.10337800694170153	0.05449149469271396	-0.07880096953871243
3.429999999999971	0.0017269844191565974	-0.08532430380742015	0.08158939223592379	-0.05928876123673709
3.4399999999999706	0.031412779519315016	-0.05557157945456785	0.09658516609996845	-0.0317433443738935
3.4499999999999704	0.05621210824784493	-0.018432978369002383	0.09748239001110866	-1.394567615738654E-4
3.45999999999997	0.07267936251166744	0.02080137617181426	0.08434003679369631	0.031035702727463137
3.46999999999997	0.07860061040542585	0.05661694656837997	0.059236572100800716	0.057418673324480966
3.47999999999997	0.07328962523912973	0.08404895911333211	0.025943924378578655	0.0753795643229402
3.4899999999999696	0.05766296877809983	0.09936963860598867	-0.010637883166189521	0.08252041916145451
3.4999999999999694	0.034086696173177236	0.10059351170190893	-0.0452008898638807	0.07799384149503107
3.509999999999969	0.006019743734916708	0.08773246978122315	-0.07279844933642848	0.06259977373414168
3.519999999999969	-0.022492472237993586	0.06276816785567235	-0.0895522262882705	0.03865001019399282
3.5299999999999687	-0.04740025515515745	0.029349290507160637	-0.09319603279589966	0.009622729317073751
3.5399999999999685	-0.06522396377390699	-0.0077404018146325125	-0.0833804233079755	-0.02034155551503474
3.5499999999999683	-0.07353915366854127	-0.04326587035382342	-0.061697409083056945	-0.04702972919230703
3.559999999999968	-0.07130502608720046	-0.07227883159439691	-0.03142546944422199	-0.06674761914984934
3.569999999999968	-0.05899188789271399	-0.09080610100910659	0.002964716159046435	-0.07683041357175477
3.5799999999999677	-0.03849247233462703	-0.09639262044086115	0.036469498559293205	-0.0760015634979525
3.5899999999999674	-0.012832840778752711	-0.08842510832788311	0.06427938853675869	-0.06453201387964443
3.5999999999999672	0.014273222481917465	-0.0681939158619035	0.08246854677770356	-0.04418027776304108
3.609999999999967	0.03896085543364077	-0.038687837550984795	0.08854791942027355	-0.017924861420094036
3.619999999999967	0.05776437914296968	-0.004154041887251833	0.0818042426393508	0.010470510682293275
3.6299999999999666	0.06810294547830409	0.030512279554137118	0.0633789905109376	0.03699556097263595
3.6399999999999664	0.06863364386399512	0.060460969535833825	0.036079374944599986	0.057959040487449924
3.649999999999966	0.05942392270540513	0.08156466396303018	0.003952169155424887	0.07050157291094732
3.659999999999966	0.04192150398268411	0.09098665930635091	-0.028315154931985817	0.07298462824155215
3.6699999999999657	0.01872900380284848	0.08756089369060613	-0.05607749595856579	0.06520286413919424
3.6799999999999655	-0.006781939279157682	0.07193333735399884	-0.07539998281167928	0.0483925783558579
3.6899999999999653	-0.030959973883564463	0.046448115949667225	-0.08361472334969793	0.0250379795406832
3.699999999999965	-0.05039589105407771	0.01479760842239413	-0.07968780892782307	-0.0014947025242228317
3.709999999999965	-0.062402549116966646	-0.018511478134855035	-0.06434629447257245	-0.027441541824861675
3.7199999999999647	-0.065385421768062	-0.04879899206429954	-0.039950083870362384	-0.04917411278213683
3.7299999999999645	-0.05905281469140799	-0.07186815613273592	-0.010130559322796693	-0.0637061320949583
3.7399999999999642	-0.044438273453099406	-0.08458625219864159	0.0207489327340987	-0.06910291098375138
3.749999999999964	-0.023734737709866425	-0.08530894561094018	0.04823072713894813	-0.06473760714603428
3.759999999999964	3.330115476216891E-5	-0.07409093378248792	0.06840555133493537	-0.05136053290753922
3.7699999999999636	0.023450791726584423	-0.05265623241529816	0.07846774949306871	-0.03097445690866818
3.7799999999999634	0.04320208176591272	-0.02413537651760341	0.07710429042109138	-0.006536128986409509
3.789999999999963	0.05653965303502574	0.007390681821097977	0.06466379886691416	0.018471672295932186
3.799999999999963	0.06166547091105655	0.03747367812647394	0.04308422140765031	0.040535750692562884
3.8099999999999627	0.05797214238322158	0.06192494034241711	0.015592755668818133	0.056605336866995155
3.8199999999999625	0.04611172445314152	0.07739784596084547	-0.013775739142715945	0.0645131281747092
3.8299999999999623	0.027884933152723994	0.08184494614957764	-0.04077012864421656	0.06326652876516513
3.839999999999962	0.005969077241315891	0.07478745102399381	-0.06153762202287884	0.05317011059477571
3.849999999999962	-0.016474356080823514	0.05736182251271903	-0.07317287023484298	0.03576452508047297
3.8599999999999617	-0.03625506547199097	0.03213985283444012	-0.07412340311618222	0.013593031091412057
3.8699999999999615	-0.05060676021165094	0.0027503339703882582	-0.06439497997311469	-0.010169191931120312
3.8799999999999613	-0.05757326887498729	-0.026642191952837263	-0.04552997319290027	-0.032169043599784376
3.889999999999961	-0.05627414991568373	-0.05192684337004156	-0.020364923313152105	-0.04934800018494843
3.899999999999961	-0.04701389209813338	-0.06962065086914611	0.007394900920903766	-0.05936662207535544
3.9099999999999606	-0.031221495220644664	-0.07734753162287697	0.03372027592258907	-0.06092225240001113
3.9199999999999604	-0.011231466950685352	-0.07415623451185269	0.05484214579793492	-0.0539168928442152
3.92999999999996	0.010060400749942602	-0.06063487923411243	0.06779051452445414	-0.039453852125689
3.93999999999996	0.02961584050213938	-0.03880871139556135	0.07081116518603801	-0.019666065599364443
3.9499999999999598	0.04468702864207098	-0.01183818874505487	0.06360187068255857	0.002597463507901351
3.9599999999999596	0.05320201855090213	0.016437782829060877	0.0473365135375843	0.024181140093552315
3.9699999999999593	0.05404872214481801	0.04204756956824574	0.024476473399015514	0.04206941733115798
3.979999999999959	0.04721864522842433	0.06144400667645396	-0.00160073867310161	0.05380747229974515
3.989999999999959	0.03379203468917982	0.071994993058693	-0.027099721990413606	0.0578373230534252
3.9999999999999587	0.015768851221888657	0.07233973422218251	-0.048358915056313456	0.053703476014464485
4.009999999999959	-0.00422822000277024	0.06256255386680253	-0.06237570471143129	0.042101130545469614
4.019999999999959	-0.023334743850202566	0.044162333922952886	-0.0672297081026231	0.024762417492828363
4.0299999999999585	-0.038854248258501214	0.019824511144998554	-0.06234467610025226	0.004198913974018783
4.039999999999958	-0.048638157674997955	-0.006969917134649853	-0.04855348343078237	-0.0166614376027142
4.049999999999958	-0.051382503150569275	-0.032441576970399906	-0.02795948044742814	-0.03489061870149691
4.059999999999958	-0.04680054457035924	-0.05304517628350314	-0.003616874511961493	-0.04797092978097252
4.069999999999958	-0.035648631547608854	-0.06596231006655467	0.02092145200436522	-0.05414205358166626
4.079999999999957	-0.01960377112102594	-0.06948620345329097	0.04212185014541266	-0.05263704014554328
4.089999999999957	-0.0010124216261656938	-0.06324598574255623	0.05697813594670562	-0.04377571322019274
4.099999999999957	0.017451990928865346	-0.04824121224801333	0.06343714029888106	-0.028904428469005584
4.109999999999957	0.03317293948268733	-0.02668426988246766	0.06068144396440586	-0.0101928064078026
4.119999999999957	0.04396100862300458	-0.0016752024919520474	0.04923051772060339	0.009682041121660512
4.129999999999956	0.048358153463916274	0.023243388876550558	0.030848136249416704	0.027917935994734928
4.139999999999956	0.045833818438024705	0.0445875617090462	0.008271973226277554	0.04198216388666529
4.149999999999956	0.03684667852369099	0.05941853493452109	-0.01519333922565606	0.049962639959465024
4.159999999999956	0.022765202798418104	0.06574662771253238	-0.03615930696338829	0.05082710550214902
4.1699999999999555	0.005660359065168031	0.06279721135212551	-0.051642293133567434	0.04455533076424207
4.179999999999955	-0.01199828426102876	0.05110327020219076	-0.05948745918532329	0.03212759559976815
4.189999999999955	-0.027698558699788472	0.03241387760697005	-0.05866778712330486	0.015373101064505007
4.199999999999955	-0.03924255739587127	0.00943377803551669	-0.04941682051517332	-0.003298454488045715
4.209999999999955	-0.04505374011105241	-0.0145673092666588	-0.033178241252518094	-0.02124285503268163
4.2199999999999545	-0.04439145599074864	-0.03621933045308038	-0.012381981424294471	-0.03595530930323943
4.229999999999954	-0.03744381045473657	-0.05252453620191843	0.009918598328179228	-0.04541954724958303
4.239999999999954	-0.02528747717996178	-0.06127191254676598	0.030494400893908053	-0.04838349322717491
4.249999999999954	-0.0097220900526535	-0.06133619696074704	0.04640760060109143	-0.0445239187331068
4.259999999999954	0.006995475743340778	-0.05282115805194345	0.05543050734902665	-0.03447857152602042
4.269999999999953	0.022477796211812815	-0.03702912216036305	0.056356655143850076	-0.01974315761580626
4.279999999999953	0.03454735031209609	-0.016263265244379013	0.04916078752853236	-0.0024495321798937496
4.289999999999953	0.041542252532675725	0.006507506735356902	0.03498673397928498	0.014942126656800957
4.299999999999953	0.04254441656541332	0.02807243462276764	0.015967217869886637	0.029992795863026774
4.3099999999999525	0.03749892361562602	0.045431103989306394	-0.005096232437648042	0.04062616337136132
4.319999999999952	0.027209251121100803	0.05621035193180597	-0.025145342636826336	0.045414501330166814
4.329999999999952	0.013210844715081096	0.05898803239982654	-0.0413085998842672	0.04376957826396178
4.339999999999952	-0.0024572681364721603	0.053479567735272106	-0.0513119688093369	0.03601319864360919
4.349999999999952	-0.017548952651173434	0.04056297717250879	-0.05379815200326911	0.023319190352553663
4.3599999999999515	-0.029932496696547222	0.022140979362813812	-0.048509673824455715	0.007536794547883122
4.369999999999951	-0.03789123660449398	8.615710538828785E-4	-0.0363112586348978	-0.009078106020794868
4.379999999999951	-0.040360952291060646	-0.02026200033148296	-0.019050427164414283	-0.02418494168986852
4.389999999999951	-0.037071287516146564	-0.038277413052595424	7.214707105566952E-4	-0.03568771370792515
4.399999999999951	-0.02857253740721911	-0.05070539196866044	0.020125781845837753	-0.04202530251039174
4.40999999999995	-0.016145672512814204	-0.055880317256961666	0.03637515122449733	-0.04238268900748381
4.41999999999995	-0.001610057474681372	-0.05317261201566205	0.04717340128170057	-0.036794605678211335
4.42999999999995	0.012942380388758258	-0.043063340822379045	0.05103939673126185	-0.026128615420743614
4.43999999999995	0.02544776580393115	-0.027062505086578526	0.04750930517988026	-0.011951700060311961
4.4499999999999496	0.03416253834397743	-0.00748449218636153	0.03718977071781449	0.0036992900781661568
4.459999999999949	0.03790604006229988	0.012886060883130619	0.021656337767585566	0.018609787862623895
4.469999999999949	0.03621975022665992	0.031189833908625664	0.0032138063320750927	0.030700426088342416
4.479999999999949	0.0294217994193003	0.044893698200444865	-0.015445154833833685	0.038316565993445094
4.489999999999949	0.018550556238187663	0.052140764348667094	-0.03163265464775608	0.040454188687750914
4.4999999999999485	0.005206900371032889	0.05200130531276137	-0.043052300505000245	0.03689139096206793
4.509999999999948	-0.00868097713462085	0.04459074795067764	-0.04812442382102176	0.02820839381453511
4.519999999999948	-0.021135766318594606	0.03103995693825883	-0.04620383109708826	0.015694840631889608
4.529999999999948	-0.03041214842521169	0.013323885318563019	-0.0376601801407701	0.0011589769077394768
4.539999999999948	-0.03524091799206355	-0.006025604098309794	-0.023811248047772293	-0.013333151210552993
4.549999999999947	-0.035002036985097025	-0.024281077480306786	-0.006720656112587847	-0.02575093272667832
4.559999999999947	-0.029803114817925008	-0.03890352892883797	0.011109032952764993	-0.0343833016706724
4.569999999999947	-0.02045356133470107	-0.047895039232864874	0.02710228673200471	-0.03807402936053115
4.579999999999947	-0.008339595994782747	-0.050071178508998594	0.03898219281492524	-0.0363759126853016
4.589999999999947	0.00478071968240143	-0.0452160966720949	0.04509412021098387	-0.029603397615386384
4.599999999999946	0.017032197012612115	-0.034100134189548485	0.044635517337766384	-0.01877770278634483
4.609999999999946	0.02669013832462011	-0.018359275401196952	0.03776003109827626	-0.005473659486133506
4.619999999999946	0.03242272067608545	-2.550982044765065E-4	0.025542641052694583	0.00840887082172048
4.629999999999946	0.03347414067989993	0.017649654541528295	0.009812679973049902	0.02091589328354376
4.6399999999999455	0.029763411239748287	0.03285341152317059	-0.007119468594707433	0.030313921388984016
4.649999999999945	0.02188602744240035	0.04326484868361002	-0.022801249437167978	0.035329816470202315
4.659999999999945	0.01101967863023674	0.04749005456979094	-0.03499275229281726	0.035322702460120786
4.669999999999945	-0.0012512265714320014	0.045018426305804396	-0.041986195651649	0.03036482361841099
4.679999999999945	-0.013166157502929907	0.036282611850964055	-0.042844575730141735	0.021221303691780612
4.689999999999944	-0.02304067877098665	0.022585750657143175	-0.03752621767977619	0.009233077483143467
4.699999999999944	-0.029504206972550028	0.005907912131798426	-0.02687882837495599	-0.0038792233227338963
4.709999999999944	-0.031689801791183206	-0.011379627803008266	-0.012505647497679122	-0.0162618213185781
4.719999999999944	-0.029349775753965156	-0.02685111391480348	0.0034753360922512126	-0.02618950925271965
4.729999999999944	-0.022881807773779152	-0.03836628557776085	0.01874302763709418	-0.03230563316474467
4.739999999999943	-0.013263159580271338	-0.044366006444059504	0.03110993898281817	-0.03380701476009123
4.749999999999943	-0.0019036606850229378	-0.044082778923561716	0.0388351833103498	-0.03054867510686481
4.759999999999943	0.009560508508028762	-0.03763780620293081	0.04086902891016534	-0.023054819026186165
4.769999999999943	0.01950213115894476	-0.02601250000165795	0.03699473402333336	-0.012435870205903268
4.7799999999999425	0.026533573521058593	-0.010900049453230885	0.027848623199503868	-2.2451807148063382E-4
4.789999999999942	0.02970007450278005	0.005540631755567777	0.014817140530821409	0.011845094999380124
4.799999999999942	0.02860883869535648	0.020992899277026807	-1.726651173175938E-4	0.022083290268492976
4.809999999999942	0.02347656069648024	0.03330843258855263	-0.014937652260719645	0.02908104904050462
4.819999999999942	0.015089828299125408	0.040805513512844616	-0.027356154846936452	0.0319035212234516
4.8299999999999415	0.004685287247617574	0.04249817220066343	-0.03567246752837935	0.03021432918187569
4.839999999999941	-0.006232271548131086	0.038225049950631196	-0.03874460759671334	0.024314225939092583
4.849999999999941	-0.016107202691143064	0.028661258381678437	-0.036200457631589876	0.015089904167253192
4.859999999999941	-0.023554346884913546	0.015213095752912556	-0.028481042361216354	0.003881405384365282
4.869999999999941	-0.02755297496623135	-1.8813335192141036E-4	-0.016766217933779755	-0.007712131993040472
4.87999999999994	-0.027586231476880368	-0.01536304831648663	-0.002795035513644694	-0.018060284580606666
4.88999999999994	-0.023707096751272107	-0.028192222487849007	0.01139196621667124	-0.02573030956927895
4.89999999999994	-0.016522582824933584	-0.03691182789731109	0.023750414314959487	-0.02968515547549677
4.90999999999994	-0.007099593988362943	-0.040355706633136826	0.032526335726620635	-0.02942320377891429
4.9199999999999395	0.003193058644221182	-0.038110708439807406	0.036504677