0.0	1.0	1.0	1.0	1.0
0.006	0.9701285189504373	0.9702365280150446	0.9700183673469388	0.9702377499171262
0.012	0.8908366167852918	0.8912491880116068	0.8901868104956269	0.8912573813377936
0.018000000000000002	0.766611277563101	0.7674833274715023	0.7650448456309871	0.7675061464139769
0.024	0.6042004480263466	0.6056275512527035	0.6014361752269649	0.6056761940094973
0.03	0.4122493019143673	0.4142494667834395	0.408134004248136	0.414344179285352
0.036	0.20084121884057937	0.20335001427146726	0.19537170237104373	0.20351785873097586
0.041999999999999996	-0.019030927527850326	-0.016156525050449524	-0.025698010744319683	-0.0158864165140293
0.047999999999999994	-0.23603550064453233	-0.23300885734538018	-0.24358683181429325	-0.23260807681894755
0.05399999999999999	-0.43908526499628836	-0.436175532691352	-0.4470670792444517	-0.4356194449822726
0.05999999999999999	-0.6179030142475572	-0.6154143571105375	-0.6257494380198949	-0.6146860465110936
0.06599999999999999	-0.7635408510722246	-0.761788105559165	-0.7706125573848623	-0.7608816925956999
0.072	-0.8688269275106832	-0.868109534354528	-0.8744575503208637	-0.8670324578581973
0.078	-0.9287173946457634	-0.9292929996109707	-0.9322645487590736	-0.9280675214510116
0.084	-0.9405363558185158	-0.9425960763630407	-0.941433719012356	-0.9412597771249342
0.09000000000000001	-0.9040925006298025	-0.9077398919146992	-0.9018992572791822	-0.9063448844307869
0.09600000000000002	-0.8216675091387466	-0.8269028173960997	-0.8161115421351357	-0.8255137281499085
0.10200000000000002	-0.6978779240774687	-0.7045889015437036	-0.6888894712964704	-0.7032797508801282
0.10800000000000003	-0.5394186534737447	-0.5473788863103073	-0.5271516981596267	-0.5462289913814867
0.11400000000000003	-0.354702257023122	-0.36357745363577637	-0.3395416655916116	-0.3626665752345809
0.12000000000000004	-0.1534133841851856	-0.16277552050235722	-0.13596669510333442	-0.16217856690601412
0.12600000000000003	0.05399809004114669	0.04464938285896224	0.0729243411200158	0.044867753373279515
0.13200000000000003	0.2568587493931715	0.24806865911266832	0.27629727119985825	0.24785918165218127
0.13800000000000004	0.44482010341654704	0.43714652303701157	0.4636937817624086	0.4364798532708382
0.14400000000000004	0.608385694158137	0.6023644219608887	0.6255684573744248	0.6012347079899963
0.15000000000000005	0.7393900353919818	0.7354994244155234	0.7537741643807224	0.7339266348784332
0.15600000000000006	0.8314052745579277	0.8300325753292629	0.8419711412933616	0.8280633628170169
0.16200000000000006	0.88005537620258	0.8814669872934372	0.885939305151261	0.8791739490010366
0.16800000000000007	0.8832225350917917	0.8875402057561331	0.883778454140936	0.8850194993494042
0.17400000000000007	0.8411361773068887	0.8483209041508272	0.8359869655768734	0.8456882789593233
0.18000000000000008	0.7563410028444504	0.7661859447164756	0.7454159430956047	0.7635713496604061
0.18600000000000008	0.6335467475688443	0.6456799720275138	0.6171022257310419	0.6432209965792295
0.1920000000000001	0.47936837598345905	0.49326567579606	0.45798989992822203	0.4911001628737414
0.1980000000000001	0.30197095187561995	0.31697836481544656	0.2765556337426681	0.3152365991089524
0.2040000000000001	0.11063819228440161	0.1260032579127732	0.08235799178744144	0.12480017533537352
0.2100000000000001	-0.08471254552656642	-0.06980231628967956	-0.11446535299625032	-0.07037443560796698
0.2160000000000001	-0.274043547332829	-0.260416995827049	-0.3037261039683967	-0.2602948990844027
0.22200000000000011	-0.4477117688891067	-0.43616758667102457	-0.4757120091832148	-0.4353220704323039
0.22800000000000012	-0.5969592190896627	-0.588219245253677	-0.6216845253992378	-0.5866584776693157
0.23400000000000012	-0.7143538009945216	-0.709018839059536	-0.7343220156457392	-0.7067897184563862
0.24000000000000013	-0.7941584635912752	-0.7926692756563859	-0.808086045059906	-0.7898566664893949
0.24600000000000014	-0.8326103787635113	-0.8352162945773518	-0.8394924999295891	-0.8319400991531868
0.2520000000000001	-0.8280966226180739	-0.8348338329384766	-0.8272743241559625	-0.831243980825741
0.2580000000000001	-0.7812182563289553	-0.7918993616422292	-0.7724283762296176	-0.7881689212251286
0.2640000000000001	-0.6947404860460978	-0.7089562694449774	-0.6781449580558923	-0.7052730005139524
0.27000000000000013	-0.5734324348257829	-0.5905661542113457	-0.5496246393225784	-0.5871229199795507
0.27600000000000013	-0.4238056816420424	-0.4430594687567407	-0.3937927837251336	-0.4400440041214728
0.28200000000000014	-0.2537658274420611	-0.27419807955856346	-0.21892737999752804	-0.2717826647480584
0.28800000000000014	-0.07219567896443708	-0.09276767375180721	-0.03422012783858552	-0.09109928505620798
0.29400000000000015	0.11150801744768232	0.09187862378750757	0.1507059909411133	0.09268712373494856
0.30000000000000016	0.2879201701242583	0.27030175255763284	0.326297372882675	0.27017886376257433
0.30600000000000016	0.4480702068786103	0.4334585839767395	0.4835626720728937	0.43237940790413737
0.31200000000000017	0.583897508300022	0.5731595883766338	0.6145325052087989	0.5711487060989462
0.31800000000000017	0.6886563248174605	0.6824791739200081	0.7126625160811395	0.6796109342121717
0.3240000000000002	0.7572498783115784	0.7560981752925303	0.7731594553664148	0.7524943003417559
0.3300000000000002	0.7864771499987658	0.7905615997768702	0.7932140785893133	0.7863861618221011
0.3360000000000002	0.7751804693417541	0.7844391988846804	0.7721296139311549	0.7798911673907865
0.3420000000000002	0.7242872006495487	0.7383814908016635	0.7113400398769739	0.7336851885571437
0.3480000000000002	0.636744304572793	0.6550692497342125	0.6143181525093158	0.6504631796464759
0.3540000000000002	0.5173500476713974	0.5390599252558432	0.48637909499012927	0.5347845304180879
0.3600000000000002	0.37249236307018185	0.3965396798109692	0.3343903737781083	0.39282467156123635
0.3660000000000002	0.20980806341788644	0.23499447114872296	0.16640412382348982	0.23204639874341346
0.3720000000000002	0.037781037926786595	0.06281762113848369	-0.008768731194193996	0.06080835948566706
0.3780000000000002	-0.13469946646454858	-0.11112559544786267	-0.18201994101486654	-0.11206879769507619
0.38400000000000023	-0.29879751750167466	-0.27795378894113454	-0.34441687930546727	-0.27775612860687177
0.39000000000000024	-0.44618249087345946	-0.4292223131416621	-0.4876624574541671	-0.4278666494140825
0.39600000000000024	-0.5694512970832327	-0.5573500846859133	-0.604518355577627	-0.5548792143974858
0.40200000000000025	-0.6624994776899618	-0.6559988236595805	-0.6891700176587855	-0.6525146271758993
0.40800000000000025	-0.7208226088138513	-0.7203857806178314	-0.7375150464309009	-0.7160452152681969
0.41400000000000026	-0.7417331783012253	-0.7475145635590458	-0.7473607441400559	-0.7425226507581469
0.42000000000000026	-0.7244825589108211	-0.7363129815112084	-0.7185213576085169	-0.7309130983074377
0.42600000000000027	-0.6702826488822744	-0.6876716535879502	-0.6528108456377787	-0.6821335903024428
0.4320000000000003	-0.5822269356144705	-0.6043822429235111	-0.5539324183135359	-0.5989886173833806
0.4380000000000003	-0.4651158904196685	-0.4909793009739156	-0.4272714192158612	-0.4860110192274692
0.4440000000000003	-0.325196458880242	-0.35349458784692356	-0.2796030589574647	-0.3492161052956263
0.4500000000000003	-0.1698297260794682	-0.1991371218820526	-0.1187308100642103	-0.1957822834172359
0.4560000000000003	-0.007104392630429923	-0.035915887098559834	0.04692527787883927	-0.033675108106949604
0.4620000000000003	0.15458367960690922	0.1277750910491574	0.2087686586588215	0.1287655988211957
0.4680000000000003	0.3069640302235496	0.2835878372733083	0.35847179641325133	0.2832541875751271
0.4740000000000003	0.44231401733872844	0.42364557593815455	0.48840404241556645	0.42198120084754076
0.4800000000000003	0.5538495461422095	0.5409403162156292	0.5920199288775522	0.5380075115063545
0.4860000000000003	0.6360643741109505	0.6296828360749489	0.6641881555724167	0.6256107185234783
0.4920000000000003	0.6850010612041941	0.6855876217942258	0.7014447737814562	0.6805665459831551
0.49800000000000033	0.6984402793049135	0.7060787807430047	0.7021581257178612	0.7003514514540702
0.5040000000000003	0.6759994900565655	0.6904070901225233	0.6665977598881528	0.684256785247018
0.5100000000000003	0.6191367185317017	0.6396729561767235	0.596904567895168	0.633409434507006
0.5160000000000003	0.5310600466132789	0.5567548981230822	0.4969645133725289	0.5506986976368232
0.5220000000000004	0.41654827230950603	0.44614799009482076	0.37219328350436953	0.44061391800862804
0.5280000000000004	0.281692683164312	0.31372124725946765	0.22924373313194601	0.3090019176236307
0.5340000000000004	0.13357384570043102	0.16640699912237475	0.07565187982805346	0.1627572835964867
0.5400000000000004	-0.0201094792964477	0.011838651178449552	-0.08055974985124048	0.009461872751729175
0.5460000000000004	-0.17143988171598612	-0.14204426981288437	-0.23130057746825697	-0.1430076507015122
0.5520000000000004	-0.31268860316678615	-0.28740338151666095	-0.3688304362842075	-0.2868839600484654
0.5580000000000004	-0.4367096711096772	-0.41690015987195	-0.486156426863686	-0.4149041865662898
0.5640000000000004	-0.5373007974342618	-0.5240658481922622	-0.5773878475641946	-0.5206759455853328
0.5700000000000004	-0.6095128474794719	-0.6036239457958652	-0.6380312186273447	-0.5989958528695771
0.5760000000000004	-0.6498924756465495	-0.6517492329081794	-0.6652106636249585	-0.6461046957466806
0.5820000000000004	-0.6566460786464807	-0.6662506573868747	-0.6578028909958854	-0.6598667885267676
0.5880000000000004	-0.6297173484473866	-0.646669395610465	-0.6164805196625873	-0.6398650140025407
0.5940000000000004	-0.5707751976473225	-0.5942877962655039	-0.5436622793636234	-0.587407424495304
0.6000000000000004	-0.48311344724942223	-0.5120494942465539	-0.4433734387472401	-0.5054458206829825
0.6060000000000004	-0.3714681731386529	-0.40439550754312104	-0.3210244230563502	-0.3984112111033126
0.6120000000000004	-0.24176277315721753	-0.2770253725761132	-0.18311974213530774	-0.2719752516097301
0.6180000000000004	-0.10079443117905328	-0.13659611905990143	-0.03691284746135773	-0.13275046065707818
0.6240000000000004	0.044121462346272275	0.009625052681744926	0.10997480118662642	0.012054981113756783
0.6300000000000004	0.18553036360643038	0.154136301301294	0.24995048344506152	0.15500985771229037
0.6360000000000005	0.3162214905099895	0.28958550329076	0.37584215513672303	0.2888407368457788
0.6420000000000005	0.4295949588604484	0.40914377501495097	0.48126537019013843	0.4068014934090464
0.6480000000000005	0.5199944759193645	0.5068492081977632	0.5609464452620107	0.5030127919296009
0.6540000000000005	0.5829888520164089	0.5779035455131948	0.6109855419055854	0.5727544742537777
0.6600000000000005	0.615588355808653	0.6189070658221141	0.6290465813723781	0.6126963456573213
0.6660000000000005	0.6163853955022708	0.6280202211579592	0.6144647960709755	0.6210561174225634
0.6720000000000005	0.5856129738669189	0.605044396897863	0.5682670530252139	0.5976770741421857
0.6780000000000005	0.5251186317575162	0.5514183528193127	0.4931046309453577	0.5440221906502412
0.6840000000000005	0.4382559420253618	0.47013122956750936	0.3931026571245644	0.4630857116419647
0.6900000000000005	0.32969981985846886	0.3655572507154649	0.2736346797769391	0.3592274069504898
0.6960000000000005	0.20519576269304426	0.24322119934434694	0.14103464726007878	0.23793861370215516
0.7020000000000005	0.07125642896391952	0.10950720109636507	0.0022616957835479012	0.10555257697633327
0.7080000000000005	-0.06517845392597064	-0.02867386892581309	-0.13546454440187947	-0.031085665985887946
0.7140000000000005	-0.1971011219503668	-0.16424105663895017	-0.2650390400538018	-0.1649726802307944
0.7200000000000005	-0.31779519945275975	-0.2903056949819104	-0.3798373819207971	-0.28930508804278643
0.7260000000000005	-0.42117710870936864	-0.40052094653881903	-0.4740539176996417	-0.397824763695428
0.7320000000000005	-0.5021021369724771	-0.48940081196835256	-0.5429947596640227	-0.4851332797986331
0.7380000000000005	-0.5566197928362856	-0.5525925975734512	-0.5833109109410686	-0.5469598341479869
0.7440000000000005	-0.5821658127740428	-0.5870893412150886	-0.5931599711129677	-0.5803693926006916
0.7500000000000006	-0.5776815314050846	-0.5913718689431698	-0.5722886675785616	-0.583900945079169
0.7560000000000006	-0.5436551284148293	-0.5654738278721596	-0.5220326136116687	-0.557629421540349
0.7620000000000006	-0.48208331267404236	-0.5109670225624301	-0.44523399961975285	-0.5031487623806542
0.7680000000000006	-0.39635609058591653	-0.43086846694071324	-0.3460821570815017	-0.42347767944270154
0.7740000000000006	-0.29107118144395305	-0.3294745425262072	-0.22988587699275975	-0.32289357266200885
0.7800000000000006	-0.17178818857029068	-0.21213132449329455	-0.10278981518422012	-0.20670368407145392
0.7860000000000006	-0.04473563283107727	-0.08495331535031947	0.028549898511376764	-0.08096569361903419
0.7920000000000006	0.08351374399427086	0.04549464615610611	0.15731374981708512	0.047827564961283826
0.7980000000000006	0.20638250639763442	0.17253577932136885	0.2768724501393378	0.17308288575383404
0.8040000000000006	0.3176253693794672	0.289722640182266	0.381127756376019	0.2884437329195598
0.8100000000000006	0.4116461344099725	0.39116386408792825	0.4648230036852523	0.388112338629933
0.8160000000000006	0.48377865951584	0.4718198378301755	0.5238075655754759	0.467140560545781
0.8220000000000006	0.5305177858151942	0.5277524886942832	0.555241967768106	0.5216749347359846
0.8280000000000006	0.5496888265582976	0.5563168401739023	0.557733558915164	0.5491438197935226
0.8340000000000006	0.5405474687974019	0.5562850554911952	0.5313963127751292	0.548377583966232
0.8400000000000006	0.5038055712660723	0.527897208833942	0.47783230907091484	0.5196562784607294
0.8460000000000006	0.44158217548911516	0.47283680726752003	0.40003650625667164	0.46468298496286464
0.8520000000000006	0.3572828825520841	0.39413293855884896	0.3022303680057359	0.38648483073227746
0.8580000000000007	0.2554143889216091	0.2959946447164735	0.1896335334333559	0.2892473358245335
0.8640000000000007	0.14134423645970576	0.1835865291131112	0.06818584416793182	0.17809110802340872
0.8700000000000007	0.02101855056064305	0.06275752552934599	-0.05576549769539532	0.058802763792761004
0.8760000000000007	-0.09934741838522514	-0.060262954463932566	-0.17579718954383605	-0.06246581381992521
0.8820000000000007	-0.2135898699222018	-0.1791857350415028	-0.2857422414998291	-0.17951427534089243
0.8880000000000007	-0.31591163380011245	-0.28798296178301036	-0.3800063635623833	-0.2864103724904956
0.8940000000000007	-0.4011758629280012	-0.3811931891861864	-0.45385211903879263	-0.3777901535628451
0.9000000000000007	-0.4651633851879473	-0.45419505176804487	-0.5036364374894685	-0.4491266194256458
0.9060000000000007	-0.5047808490587175	-0.5034358304904327	-0.5269896102667128	-0.4969534106332376
0.9120000000000007	-0.5182094284153758	-0.5266036395745481	-0.5229270138392635	-0.5190325037140957
0.9180000000000007	-0.5049869837138992	-0.5227349267070022	-0.49188835423001026	-0.5144578437195529
0.9240000000000007	-0.466020045353077	-0.4922523462739215	-0.43570301321479943	-0.48369017561213545
0.9300000000000007	-0.4035256098181128	-0.43693165565258574	-0.3574839058083609	-0.42852188565544286
0.9360000000000007	-0.3209063332943362	-0.3597999138579505	-0.26145593088215663	-0.3519742428831722
0.9420000000000007	-0.22256608702135852	-0.26497074466004106	-0.15272842414915272	-0.25813285722580914
0.9480000000000007	-0.11367583253001036	-0.1574255863440055	-0.037023836238446156	-0.15193027154439154
0.9540000000000007	9.776691665115494E-5	-0.04275252918690256	0.07962298284462176	-0.03888722434011272
0.9600000000000007	0.11288678113220627	0.0731435930693427	0.19117911392285009	0.0751738711855608
0.9660000000000007	0.21892421882606974	0.184344840116236	0.29192516364149773	0.18442838497516853
0.9720000000000008	0.31283846278976835	0.2852219381466628	0.37674805274088174	0.2833464851840034
0.9780000000000008	0.38992492452162403	0.37071882191697586	0.44140003224722885	0.3669725866121402
0.9840000000000008	0.4463812040953779	0.436605585110759	0.48271083208683674	0.43117313343535596
0.9900000000000008	0.479494027904695	0.4796872084305743	0.49874237722192466	0.4728403521278008
0.9960000000000008	0.48776880714653503	0.4979577943724671	0.4888785614785649	0.49004196106125303
1.0020000000000007	0.47099567690787814	0.4906929010520403	0.453845986590343	0.4821096643820519
1.0080000000000007	0.4302491811571913	0.4584757845878194	0.3956651740658959	0.44966244035319614
1.0140000000000007	0.36782219107287917	0.40315676346602297	0.31753535282125706	0.3945639932121033
1.0200000000000007	0.2870980067275984	0.32774833394034447	0.22365933043339248	0.3198170999622386
1.0260000000000007	0.1923677235179631	0.23626191865343596	0.11901799609594989	0.22940077791320854
1.0320000000000007	0.08860268652977106	0.13349505683178015	0.00910652491668118	0.12805906376124526
1.0380000000000007	-0.018805928782911867	0.024780297169368627	-0.10035376980608808	0.021052587287508806
1.0440000000000007	-0.12432679154738356	-0.08429108720268484	-0.20371284879924978	-0.08611407560241491
1.0500000000000007	-0.22257285924056822	-0.18815626823147497	-0.29568318396681037	-0.18797516159216593
1.0560000000000007	-0.3085759840038858	-0.2815641878710879	-0.37160982932681763	-0.2793820863372602
1.0620000000000007	-0.3780377047273365	-0.35984062815003565	-0.42770555354775613	-0.35576326218560467
1.0680000000000007	-0.42754358789430214	-0.41912166679677737	-0.4612391820023203	-0.4133522775169495
1.0740000000000007	-0.4547304555021948	-0.45654388177292665	-0.4706678124424415	-0.4493730729320663
1.0800000000000007	-0.4583983426320679	-0.4703819697988475	-0.4557065457045456	-0.4621730392362562
1.0860000000000007	-0.43856192764566493	-0.4601272023402264	-0.417332653628835	-0.4512976950677403
1.0920000000000007	-0.39643932261232784	-0.4265032131419191	-0.35772451861855686	-0.41750363498689186
1.0980000000000008	-0.33437933728456365	-0.37141883512022045	-0.2801390456239786	-0.3627096146563096
1.1040000000000008	-0.25573147087581494	-0.2978609156523784	-0.1887343943173309	-0.28988879525126265
1.1100000000000008	-0.1646657819425121	-0.20973307444629188	-0.08834764612136856	-0.20290814371998128
1.1160000000000008	-0.06595229164833959	-0.11164907398739674	0.015760732162967264	-0.10632362884076994
1.1220000000000008	0.03528843531075206	-0.008691713862523027	0.11818215082257777	-0.005142033241836681
1.1280000000000008	0.13385051222307093	0.09385017332375717	0.21364050259583878	0.09543818855608377
1.1340000000000008	0.22471003734249892	0.1907530353469311	0.29726357236231576	0.19029361366531758
1.1400000000000008	0.3032807806714061	0.2771243237334601	0.36483130945784625	0.27463645225535194
1.1460000000000008	0.3656452579096052	0.34864912861447533	0.41298833289470743	0.34425581096686136
1.1520000000000008	0.40874957112255333	0.4018053121582346	0.43940999309470197	0.3957274814121859
1.1580000000000008	0.4305523510923724	0.4340364369522851	0.4429138021485253	0.42658182534128264
1.1640000000000008	0.43012056979710134	0.44387402633979506	0.4235109350807653	0.43542155369516516
1.1700000000000008	0.4076677742920167	0.43100334706068855	0.3823956444574828	0.42198382167362375
1.1760000000000008	0.36453327993666307	0.3962698319126991	0.32187365565220566	0.3871439488598638
1.1820000000000008	0.30310389673209764	0.3416263100244775	0.24523375289665175	0.3328610729323932
1.1880000000000008	0.2266826916295124	0.27002422823506006	0.1565696652416736	0.26206900365031477
1.1940000000000008	0.1393119629755517	0.18525487555063938	0.06056186904745452	0.17851831013936878
1.2000000000000008	0.04555988608457673	0.09174912108353299	-0.03776908662413708	0.08657810961483779
1.2060000000000008	-0.04971793225839755	-0.005653780334690249	-0.13332475176134817	-0.008991991784699995
1.2120000000000009	-0.14162956450469444	-0.10195627192355289	-0.22119277271879506	-0.10328792263822555
1.2180000000000009	-0.225497570850779	-0.1922585627113209	-0.29689906385315534	-0.19151243636252824
1.2240000000000009	-0.29709666526315043	-0.2720075764672656	-0.35663522750895993	-0.2692188096553169
1.2300000000000009	-0.3528661822604952	-0.3372261511342141	-0.3974496832294887	-0.3325345879436856
1.2360000000000009	-0.3900866818528551	-0.38471097013016486	-0.4173929383008881	-0.37835413941912677
1.2420000000000009	-0.40701195818114444	-0.41218939681380745	-0.41560988064199067	-0.404490465598728
1.2480000000000009	-0.40295007619895407	-0.4184275602559835	-0.39237477113259445	-0.40977887537469115
1.254000000000001	-0.37828972569978614	-0.4032845892035727	-0.34906760839567175	-0.39412764707876
1.260000000000001	-0.33447101401878454	-0.367710678742003	-0.2880935783937416	-0.3585135477646298
1.266000000000001	-0.2739026713736698	-0.3136895565682681	-0.2127502266147284	-0.30492290881133577
1.272000000000001	-0.1998303698056008	-0.2441287452585367	-0.1270496519603046	-0.23624172705083718
1.278000000000001	-0.11616331948038608	-0.16270364966376655	-0.03550528346120846	-0.15610083018741072
1.284000000000001	-0.027268380878572376	-0.07366380203061702	0.05710544985952047	-0.06868438499511204
1.290000000000001	0.06225748476011842	0.018388543048594604	0.14599009532253193	0.021488174734818666
1.296000000000001	0.14782458834174889	0.10873594728945608	0.22658884140274002	0.10979545421064828
1.302000000000001	0.22508546968971738	0.1927872180364236	0.294808089675622	0.19175061139796337
1.308000000000001	0.2901554278011864	0.2663103890803268	0.3472279876465301	0.26322899137523986
1.314000000000001	0.33980745633821613	0.3256454473517844	0.3812734213402862	0.32067535006326275
1.320000000000001	0.3716318228651534	0.367886130756091	0.39533994194369326	0.36128027525281015
1.326000000000001	0.3841524248397495	0.3910217880099908	0.38886850001443685	0.38311707216994656
1.332000000000001	0.3768943363868063	0.3940324022827225	0.3623655563186916	0.3852324712519967
1.338000000000001	0.3503995073000677	0.37693232541507865	0.31736798852209225	0.3676869270899106
1.344000000000001	0.306190256794052	0.3407609210745296	0.25635506922218104	0.3315428839352158
1.350000000000001	0.24668288082472464	0.2875210365157766	0.18261250559268555	0.27880205020474924
1.356000000000001	0.1750562263151494	0.22006887435562655	0.10005596517383512	0.21229531553539355
1.362000000000001	0.09508234979788215	0.14196128334799174	0.013023542706251806	0.13553132767162085
1.368000000000001	0.010928258208236636	0.05726860749765189	-0.07395185211671117	0.05251180303518677
1.374000000000001	-0.07306086714111738	-0.029637079375029896	-0.15637826104242666	-0.03247672784279091
1.380000000000001	-0.15258570375429883	-0.1143073537381744	-0.23003635166989445	-0.11508392006539103
1.386000000000001	-0.2236125439993957	-0.19244483496512746	-0.29119506778482546	-0.1911179818006111
1.392000000000001	-0.282577558017613	-0.26012098246767906	-0.3368002512419266	-0.256758059277392
1.398000000000001	-0.3265652374126793	-0.3139732752694445	-0.36462671935127705	-0.30874589509744016
1.404000000000001	-0.35345210464294374	-0.3513718948214988	-0.37338624910156276	-0.34454716416083375
1.410000000000001	-0.36200862839913894	-0.3705476687973841	-0.36278626033579825	-0.36247451953013204
1.416000000000001	-0.35195448613637476	-0.37067507703462127	-0.3335365801485447	-0.36176640095909735
1.422000000000001	-0.3239647456661886	-0.3519064631624732	-0.28730437442059326	-0.3426179652194027
1.428000000000001	-0.2796270718562108	-0.3153561148770016	-0.22662000894779075	-0.30616296972801416
1.434000000000001	-0.22135257137776618	-0.2630354423919271	-0.15473911403424795	-0.25440795182737974
1.440000000000001	-0.15224523995232397	-0.1977429670849556	-0.07546834437202816	-0.1901224670442801
1.446000000000001	-0.07593705360261178	-0.12291510493151146	0.007035861581142652	-0.1166913580735434
1.452000000000001	0.0036025559810967537	-0.04244567787853793	0.08848490190036018	-0.037936911307142544
1.458000000000001	0.08227286541478167	0.039516385764797525	0.1646806333521061	0.04207977390204506
1.464000000000001	0.15605297145960295	0.11878066793257641	0.23173145463815387	0.11926789770476053
1.470000000000001	0.22120699794336418	0.191329211045144	0.2862507444596489	0.1897158019065594
1.476000000000001	0.2744729407901662	0.25351989311073103	0.32552755266132966	0.2498888953137908
1.482000000000001	0.3132256220435675	0.30226894893360645	0.347660960591757	0.29680666329277333
1.488000000000001	0.33560563158681384	0.335203507403727	0.3516514753368992	0.3281899143895918
1.494000000000001	0.3406079468194628	0.35077661938906785	0.3374450973961056	0.3425710099700317
1.500000000000001	0.3281260396044408	0.3483392255254173	0.30592818243149367	0.3393617722356483
1.5060000000000011	0.29894959519748726	0.3281657544491846	0.2588737750542852	0.3188759692130537
1.5120000000000011	0.25471635935942694	0.29143243327809587	0.19884259348432132	0.2823056178899096
1.5180000000000011	0.19782097431719037	0.2401498102685397	0.12904415963065163	0.23165270794646423
1.5240000000000011	0.1312858420362663	0.17705331108019626	0.05316558163350686	0.16962020794542756
1.5300000000000011	0.05860095431416386	0.10545775742686263	-0.02482289622542906	0.09946825905804853
1.5360000000000011	-0.016458841460631216	0.029083564451897376	-0.10087533775338828	0.024843186082765565
1.5420000000000011	-0.0900295895274479	-0.04813628751580684	-0.1710797293995151	-0.05041172356754073
1.5480000000000012	-0.15835685048753964	-0.12225850699970403	-0.2318589199629208	-0.12245386897996563
1.5540000000000012	-0.2179870080104699	-0.18953058448723548	-0.28015257929019255	-0.18763726295619274
1.5600000000000012	-0.2659415244788589	-0.2465804836842354	-0.3135709366115801	-0.2426967617531569
1.5660000000000012	-0.2998653694537841	-0.29058535658038454	-0.33051259426444923	-0.28491130336584997
1.5720000000000012	-0.3181422429098168	-0.31941085708104644	-0.33024063271954274	-0.31223801003881113
1.5780000000000012	-0.3199709790182552	-0.33171419693825654	-0.31291342565145425	-0.3234105658272047
1.5840000000000012	-0.305399552381842	-0.3270059931023449	-0.27956895312963237	-0.317997157870261
1.5900000000000012	-0.27531531043798635	-0.30566809748429574	-0.23206381307367185	-0.2964153720844161
1.5960000000000012	-0.2313923090777345	-0.26892686731495913	-0.17297046097068441	-0.2599036511345541
1.6020000000000012	-0.17599881754697738	-0.21878361019649029	-0.10543833584131443	-0.21045114076509552
1.6080000000000012	-0.11207007186755245	-0.15790610647801542	-0.03302634834252981	-0.15068985675253807
1.6140000000000012	-0.042953091766691445	-0.08948706310687543	0.04048437658832141	-0.0837549924402648
1.6200000000000012	0.027768252058529612	-0.01707698994089701	0.11128766481278908	-0.013120761646443432
1.6260000000000012	0.09645879270248364	0.05559976915669322	0.17574909879050482	0.057579643933173295
1.6320000000000012	0.15961865087590554	0.12483633225835854	0.23059230173527095	0.12474066692969318
1.6380000000000012	0.2140612847325393	0.1871320900453844	0.27306516643255535	0.18496799474184586
1.6440000000000012	0.2570739619640886	0.23936942741591558	0.30107761085198526	0.23524983159096396
1.6500000000000012	0.2865525883800817	0.2789694485472299	0.31330398395995573	0.27310720438484104
1.6560000000000012	0.3011042097353415	0.3040189424956532	0.3092451286748682	0.2967158172815461
1.6620000000000013	0.3001122164317608	0.31336235714787847	0.2892472345529751	0.3049934844514688
1.6680000000000013	0.28376123335018644	0.30665438498583325	0.2544768687229589	0.2976489766502991
1.6740000000000013	0.25302076741184226	0.28437080857985514	0.2068538421869844	0.27519012025611533
1.6800000000000013	0.2095888053031229	0.2477774010257807	0.14894573259153357	0.2388910835751084
1.6860000000000013	0.1557985943207398	0.19885881637551994	0.08382983304622425	0.19072086680589373
1.6920000000000013	0.09449369670201788	0.14021142846317153	0.014929930697712368	0.13323697305675078
1.6980000000000013	0.028877988563915935	0.07490588123174909	-0.054163443221422636	0.06944997927158658
1.7040000000000013	-0.03765149987826518	0.006326609548630961	-0.11987986887659456	0.0026661609161115116
1.7100000000000013	-0.10168019550249684	-0.062003297115756376	-0.17885328784850887	-0.06368361774875364
1.7160000000000013	-0.15995097977852904	-0.1266028384465038	-0.2280941526826695	-0.1262199057518987
1.7220000000000013	-0.20952961694420433	-0.18421019440699685	-0.26514068559112397	-0.18178654380639142
1.7280000000000013	-0.24795222434376007	-0.23194716706075408	-0.2881816086788523	-0.2276096901800269
1.7340000000000013	-0.27334738818468873	-0.2674626962386817	-0.2961442456516845	-0.26143599505408543
1.7400000000000013	-0.28452688996032033	-0.2890483079154254	-0.28874373473359916	-0.2816430558644234
1.7460000000000013	-0.2810406680645307	-0.2957198444209722	-0.2664911369175512	-0.2873167581162859
1.7520000000000013	-0.2631935081682719	-0.28726159149951175	-0.2306603653831755	-0.2782918407135436
1.7580000000000013	-0.2320229372227836	-0.2642308664234185	-0.1832159894977383	-0.25515393125972086
1.7640000000000013	-0.18923978708080333	-0.22792316298829018	-0.1267059704985023	-0.21920327639743864
1.7700000000000014	-0.1371347926426828	-0.1802999590073751	-0.06412516328027765	-0.17238234349057707
1.7760000000000014	-0.07845629969718707	-0.12388317762435476	0.0012431202228578714	-0.11717129356858919
1.7820000000000014	-0.016265593285554825	-0.061621960284529896	0.06599911858286917	-0.056456929548647894
1.7880000000000014	0.04622255267783011	0.0032612265763535615	0.1268032010649194	0.006617971590170653
1.7940000000000014	0.10580581247676335	0.06743713416863412	0.18054786143145068	0.06881709275417613
1.8000000000000014	0.15945817954163952	0.1276403284119863	0.224516280026442	0.12697639392385357
1.8060000000000014	0.20448339789670553	0.18083511152466733	0.25651937673880976	0.1781648287398989
1.8120000000000014	0.238650187386372	0.22436834936360006	0.27500445615329294	0.21983180912836064
1.8180000000000014	0.2603024950982791	0.2561015234137953	0.27913007135363455	0.24993401189047998
1.8240000000000014	0.2684393424762869	0.2745154493880081	0.2688035227645828	0.2670352377392274
1.8300000000000014	0.26276044125420606	0.27878255238752425	0.24467936843358987	0.27037446099200335
1.8360000000000014	0.24367553713003787	0.26880328497261186	0.20811934959566963	0.2598988715723372
1.8420000000000014	0.21227731502944547	0.2452051307521212	0.16111612494926747	0.23626052330235034
1.8480000000000014	0.17027956710110703	0.2093045562710294	0.10618505634897862	0.20077707000154674
1.8540000000000014	0.11992408869471062	0.16303415963991583	0.04622990325037099	0.15535889794987073
1.8600000000000014	0.06386133905020919	0.10883901967838414	-0.015610418208117594	0.10240665700925546
1.8660000000000014	0.005011203464088316	0.04954778594526646	-0.07612593755351543	0.044684667902683745
1.8720000000000014	-0.05358884193775675	-0.01177470860143425	-0.13220202650700152	-0.014823133532042189
1.8780000000000014	-0.10894027949143331	-0.0719856452488187	-0.1809794757759895	-0.07306722071091042
1.8840000000000015	-0.15823675650816998	-0.1280250732953796	-0.22000003684125882	-0.12708853055791608
1.8900000000000015	-0.19900613270527837	-0.17707119835783333	-0.2473300331104023	-0.1741685731603712
1.8960000000000015	-0.22923419096005362	-0.2166822358904054	-0.26165583957386335	-0.21196599351473724
1.9020000000000015	-0.2474638345370072	-0.24491771103923612	-0.2623465351332431	-0.2386327377489951
1.9080000000000015	-0.2528649023592516	-0.26043319302844886	-0.24948076673424385	-0.25290407461222825
1.9140000000000015	-0.24527128034245313	-0.26254385656516244	-0.2238367377867962	-0.2541581052025603
1.9200000000000015	-0.22518369004782943	-0.251253890196989	-0.1868461471703695	-0.24244198696192232
1.9260000000000015	-0.19373830737331899	-0.22725053733832581	-0.14051476021188325	-0.21846381887100993
1.9320000000000015	-0.15264311239246742	-0.19186336863766998	-0.08731399406067834	-0.1835508946906583
1.9380000000000015	-0.10408550743940738	-0.14699115167946236	-0.03004936029968009	-0.13957673994635172
1.9440000000000015	-0.05061618132097189	-0.09500031599288998	0.02828724599139227	-0.08886091944271532
1.9500000000000015	0.004984628982468967	-0.038600425915991395	0.08467364574554129	-0.03404695649096701
1.9560000000000015	0.05985147937516059	0.019296799258065423	0.13621373083544008	0.022035224476390437
1.9620000000000015	0.11118118005363238	0.07572759428753152	0.18028599626161318	0.07651518580384079
1.9680000000000015	0.15637579949672806	0.1278276582917213	0.21467664323497732	0.12662868514444486
1.9740000000000015	0.19317392676093706	0.17297733152341574	0.23769050750311602	0.16985771699656887
1.9800000000000015	0.21976357176545852	0.20893309111063504	0.24823426919434516	0.2040568034710452
1.9860000000000015	0.23487108049581892	0.23393877692584447	0.245867878644325	0.22755921212028826
1.9920000000000015	0.2378217186477776	0.24681104692857742	0.23082180845913436	0.23925785613244238
1.9980000000000016	0.22856906540037614	0.2469949208341691	0.20397952724205343	0.2386569678947217
2.0040000000000013	0.20769198072367717	0.23458683022423665	0.16682639184424805	0.2258921605497778
2.010000000000001	0.17635958070160612	0.21032427108543675	0.12136787950851657	0.20171812441443648
2.016000000000001	0.13626628978941355	0.1755428647242971	0.07002164043120512	0.16746486184666431
2.0220000000000007	0.0895405533510393	0.1321032876256146	0.015489165923487591	0.12496496064986881
2.0280000000000005	0.03863211171978097	0.08229204621818566	-0.03938612834493061	0.07645586150215045
2.0340000000000003	-0.013816207395996661	0.028701372598920392	-0.09176695986085465	0.024462316186143713
2.04	-0.06510547987516742	-0.025905462431150664	-0.13896867861628756	-0.028334800893321604
2.046	-0.11261936913809147	-0.07873643182417123	-0.17859665439886271	-0.07923652217014719
2.0519999999999996	-0.15395738707288117	-0.1271133141290939	-0.20866753212147635	-0.12566356088918493
2.0579999999999994	-0.18705595487325322	-0.16860726537979007	-0.2277082273913918	-0.16528680671646714
2.063999999999999	-0.21029116979442822	-0.20116054861164048	-0.2348277356540677	-0.19614395117467828
2.069999999999999	-0.22255817306801748	-0.22318833133803648	-0.22975827378225186	-0.21673641458678003
2.0759999999999987	-0.2233232563281374	-0.23365552812287108	-0.21286388620281652	-0.22610180037459696
2.0819999999999985	-0.21264627310838563	-0.2321249793317543	-0.18511634383059883	-0.22385839115834033
2.0879999999999983	-0.19117246347799988	-0.21877474919479656	-0.14803985490402888	-0.21021965643187238
2.093999999999998	-0.16009437379418495	-0.1943839189257809	-0.10362770500224652	-0.18597828801682173
2.099999999999998	-0.12108607898378615	-0.16028786179530835	-0.05423536729532728	-0.15246083739724903
2.1059999999999977	-0.07621331403714707	-0.1183055344668162	-0.0024558013601142167	-0.11145551887068213
2.1119999999999974	-0.02782432393546495	-0.0706427242273048	0.04901646905800987	-0.06511708883561498
2.117999999999997	0.021572812843040017	-0.019776384528427074	0.097525384625922	-0.015853847042812654
2.123999999999997	0.06943998901080571	0.03167388753091318	0.140590218187418	0.0337973258316785
2.129999999999997	0.11333929320727423	0.08108057319607886	0.1760322387458636	0.0813014203874102
2.1359999999999966	0.15105698288616765	0.1259422344469425	0.20208471479400789	0.12425454190131965
2.1419999999999964	0.18071491103217285	0.16400997208868973	0.21748071481014639	0.16050536516488847
2.147999999999996	0.20086380901754278	0.19339995632052684	0.22151435602434472	0.18826267428451338
2.153999999999996	0.2105538051782184	0.21268640973511205	0.21407256046630388	0.20618362278488198
2.1599999999999957	0.209378764136998	0.22097046599196798	0.19563592531718388	0.21343837820728345
2.1659999999999955	0.1974924018373227	0.2179215952965836	0.16724892156906795	0.2097480565477139
2.1719999999999953	0.17559559411031345	0.2037897138006071	0.1304612174498167	0.19539424023490035
2.177999999999995	0.14489577667263806	0.17938760411041704	0.0872433994668636	0.1711998368581642
2.183999999999995	0.1070407558067406	0.14604479057516706	0.03988165889176696	0.13848249925381226
2.1899999999999946	0.06403053933173308	0.10553545856572906	-0.009142940318228918	0.09898321622920098
2.1959999999999944	0.01811189188676	0.05998430845874918	-0.05728424685563691	0.05477392697579485
2.201999999999994	-0.028338837334528435	0.011755327362980943	-0.10206308110155185	0.008149048913253583
2.207999999999994	-0.0729385135083961	-0.036670709168124344	-0.14119472771602987	-0.03849341277689366
2.2139999999999938	-0.11341930528396359	-0.08282366717722402	-0.1727053148442818	-0.08277502282049351
2.2199999999999935	-0.14774381848782997	-0.12436987929621829	-0.1950311619216447	-0.1224580245303282
2.2259999999999933	-0.1742074387850729	-0.15922996421535415	-0.2070961073821561	-0.1555582416883659
2.231999999999993	-0.19152275287315415	-0.1856827016006709	-0.2083630067807086	-0.18044408684069857
2.237999999999993	-0.19888187964340004	-0.20244978377170855	-0.19885695792400007	-0.1959167461808019
2.2439999999999927	-0.19599370977670932	-0.2087572834315205	-0.17915929044316364	-0.20126761307181867
2.2499999999999925	-0.18309436292046324	-0.20437089832235938	-0.15037287538098257	-0.19631023586802507
2.2559999999999922	-0.16093055757084382	-0.18960339489573516	-0.11406078708153532	-0.18138536854090953
2.261999999999992	-0.1307169784403311	-0.16529410338330364	-0.07216170903230179	-0.1573390961420955
2.267999999999992	-0.09407004823374618	-0.13276174255053214	-0.02688664808861567	-0.1254753802800616
2.2739999999999916	-0.05292169826748826	-0.09373320126076572	0.019397551303943883	-0.08748566262269418
2.2799999999999914	-0.009417725597109293	-0.05025210765901025	0.0642917655137167	-0.045359311727154926
2.285999999999991	0.034193925918492234	-0.004572015155913274	0.10548878143877408	-0.001279642984882897
2.291999999999991	0.07567915318830175	0.04096022172634848	0.14089169761783096	0.04248906327580995
2.2979999999999907	0.11293197408971714	0.08402485499010018	0.1687204696389532	0.08371770778732916
2.3039999999999905	0.1440812631725835	0.12244726501736619	0.18760119598635708	0.12032573318594496
2.3099999999999903	0.1675845423210947	0.1543076004388543	0.19663367726145461	0.15048594323558556
2.31599999999999	0.18230413518922722	0.1780365170789465	0.1954339413875809	0.17271550863241714
2.32199999999999	0.18756193769569174	0.19249225165157538	0.18414974819062638	0.1859486369260767
2.3279999999999896	0.18317018411677924	0.19701525706092246	0.16344849906845746	0.18958735763309081
2.3339999999999894	0.16943684004556336	0.19145780140887217	0.13447840760413554	0.18352801980708852
2.339999999999989	0.14714556452593688	0.17618723068557057	0.0988051609226859	0.16816235825192735
2.345999999999989	0.11751148637620513	0.15206294843929405	0.058327548842980005	0.14435329106334527
2.3519999999999888	0.0821152674548779	0.12038850504004422	0.01517659507461152	0.11338689823828052
2.3579999999999885	0.04281901616887792	0.08284144631359303	-0.02839646115824524	0.07690323323805509
2.3639999999999883	0.0016685132202902582	0.041384682931016645	-0.07013745363152984	0.03680967605960172
2.369999999999988	-0.03921312593474032	-0.00183594745682294	-0.10790574542359517	-0.004818605079474253
2.375999999999988	-0.07773483307126958	-0.04460258849131825	-0.13978384480416695	-0.04584589798765368
2.3819999999999877	-0.11194438640430218	-0.08473901966406286	-0.16417457620407028	-0.08418536255740185
2.3879999999999875	-0.14012718050367123	-0.12022124078126432	-0.1798808915529908	-0.11790502100603352
2.3939999999999872	-0.1608919784392553	-0.14927937495244267	-0.18616434513597685	-0.14532494712752958
2.399999999999987	-0.17323936721824706	-0.17048576804623009	-0.18277939053083306	-0.1651007740189563
2.405999999999987	-0.17660956011174475	-0.18282490889482736	-0.1699819308456271	-0.17628937901656852
2.4119999999999866	-0.17090727592834426	-0.1857417576937963	-0.14851189649246183	-0.1783935487001806
2.4179999999999864	-0.15650261863305368	-0.17916619913050483	-0.11955096815127725	-0.17138352591148556
2.423999999999986	-0.13420811890436646	-0.16351257284455956	-0.08465783700243135	-0.15569453741762124
2.429999999999986	-0.10523331848160168	-0.13965451297686107	-0.04568453449127482	-0.132200633284041
2.4359999999999857	-0.07111941620835363	-0.10887658523710046	-0.004678312064824171	-0.10216637405406219
2.4419999999999855	-0.033657493950137216	-0.07280538024180971	0.036225739875227696	-0.06717901825586782
2.4479999999999853	0.005205348918716817	-0.033323746909992645	0.07491570973155426	-0.029064834401563367
2.453999999999985	0.043467041880300004	0.007527321588190946	0.10941175442255927	0.010206059801312464
2.459999999999985	0.07917353448911203	0.04765404505809627	0.1379672545380584	0.04862138088762116
2.4659999999999846	0.1105184419309142	0.08501702575699722	0.15915707494242948	0.08422964524422691
2.4719999999999844	0.13593427128484623	0.11773475210290146	0.1719484801189619	0.11523915576251183
2.477999999999984	0.15417062965079298	0.1441781911383815	0.17575118677974386	0.14010799619360478
2.483999999999984	0.16435552150544924	0.1630517222582234	0.1704441433554076	0.15762052116838662
2.489999999999984	0.1660367420978175	0.17345640054411643	0.1563778482874942	0.1669465569358214
2.4959999999999836	0.15920141866710724	0.17493247224015834	0.13435229247261932	0.16768044175212454
2.5019999999999833	0.1442728870014364	0.16747914817574522	0.10557186954865025	0.15985808732752438
2.507999999999983	0.12208525841649298	0.15155081683507066	0.07157977609963134	0.14395137895837332
2.513999999999983	0.09383717155932944	0.12803008657215734	0.034175462092801354	0.12084039328996456
2.5199999999999827	0.06102727643656269	0.09817922434409497	-0.0046804625039904985	0.09176503964007762
2.5259999999999825	0.025374911552185533	0.0635726464910326	-0.0429688480065616	0.05825876629352544
2.5319999999999823	-0.011269836556801239	0.026014060809448143	-0.07871678856836942	0.02206786513577844
2.537999999999982	-0.04702199448367576	-0.012557388455795963	-0.11009913860638518	-0.01493938782635721
2.543999999999982	-0.08005852417578946	-0.050167096791695086	-0.13553154598493045	-0.05086903641067796
2.5499999999999816	-0.10871114007041897	-0.08490594949594718	-0.15375026775246545	-0.08389823569518215
2.5559999999999814	-0.1315504028365799	-0.1150270916582143	-0.1638747566249619	-0.11236759141635888
2.561999999999981	-0.14745685873050407	-0.13903362010332387	-0.16544992996828875	-0.13486437696898054
2.567999999999981	-0.1556756933425311	-0.15575280294631694	-0.15846610836089292	-0.1502924626553108
2.5739999999999807	-0.15585224307785223	-0.16439315579995387	-0.1433557811017829	-0.1579255049204029
2.5799999999999805	-0.14804671078498902	-0.16458160815901968	-0.12096756002400907	-0.15744082634294398
2.5859999999999803	-0.13272751105443917	-0.1563790314468899	-0.09251885820930142	-0.14893242365150716
2.59199999999998	-0.11074376994412577	-0.14027351762579865	-0.0595299162133689	-0.13290261862945935
2.59799999999998	-0.08327856678753619	-0.11715193652087334	-0.023742739857080156	-0.11023295990503582
2.6039999999999797	-0.05178547819080745	-0.0882514028346346	0.012970736898920338	-0.08213603642512564
2.6099999999999794	-0.017911817310018528	-0.05509329432103123	0.048706430101066546	-0.050090822544308945
2.6159999999999792	0.01658738643341824	-0.019403330006835452	0.08162672474105157	-0.015764992018107705
2.621999999999979	0.04994018272511659	0.01697810132978652	0.11005483358931623	0.01907172669550071
2.627999999999979	0.0804485804416394	0.052190710166708426	0.13256005783803784	0.052638659378307924
2.6339999999999786	0.10657485811571867	0.08444929942656836	0.14802962197038758	0.08323507551870618
2.6399999999999784	0.12701892451747068	0.11213413775147149	0.15572348502262706	0.109326225749451
2.645999999999978	0.140782845087239	0.13387214465930652	0.1553094398714832	0.12962018164423578
2.651999999999978	0.14721934058355637	0.14860482582941703	0.14687685287880123	0.14313163833473963
2.6579999999999777	0.14606191252452794	0.1556396060399368	0.1309285133043973	0.14922953794149882
2.6639999999999775	0.13743521101224976	0.1546820815299745	0.10835119701676903	0.14766622360013104
2.6699999999999773	0.12184528415702675	0.14584770684687148	0.08036664340768705	0.13858679516049144
2.675999999999977	0.10015038160622852	0.12965249193708653	0.048465641865767066	0.12251835848917465
2.681999999999977	0.07351397463794222	0.10698335871824878	0.014328773978540495	0.10033988815426392
2.6879999999999766	0.043342551583641094	0.0790498378029782	-0.02026198284431467	0.07323440564593235
2.6939999999999764	0.011211504907110243	0.0473197232060798	-0.0535161478721333	0.04262606248446565
2.699999999999976	-0.02121699250832631	0.013442098770501199	-0.08372728991573933	0.010105465163038941
2.705999999999976	-0.05227984766956775	-0.02083823469885591	-0.1093604628762298	-0.022652850062349746
2.7119999999999758	-0.08039821565016089	-0.05377049785660121	-0.12913005068163946	-0.05397651760042573
2.7179999999999755	-0.10415762047531676	-0.08368722769132844	-0.1420640811915681	-0.08228059742085952
2.7239999999999753	-0.12237896950625649	-0.10908858079421252	-0.14755180059029321	-0.10614764451382709
2.729999999999975	-0.13417690337100327	-0.1287173893320329	-0.14537219131619475	-0.12439855445177811
2.735999999999975	-0.1390026026177035	-0.14162122089759607	-0.13570212030244358	-0.13615065138342372
2.7419999999999747	-0.13666899296120563	-0.14719838714104752	-0.11910386744580037	-0.14086016545376379
2.7479999999999745	-0.1273572100106358	-0.14522568976316194	-0.09649285136567484	-0.13834706697228685
2.7539999999999742	-0.11160415379940243	-0.1358666418200147	-0.0690873855107579	-0.1288011416241084
2.759999999999974	-0.09027193321458217	-0.119659908072615	-0.03834321046643786	-0.11276915705477249
2.765999999999974	-0.06450092087876894	-0.0974887185753889	-0.005876311630554902	-0.09112393658204947
2.7719999999999736	-0.035648963466012616	-0.07053297328718201	0.026621892915412865	-0.06501707137594633
2.7779999999999734	-0.005219979445574471	-0.040206623480084656	0.057472549668380044	-0.03581782194116534
2.783999999999973	0.025214308153080997	-0.008083644666626937	0.08509598017569224	-0.005041442168669107
2.789999999999973	0.05409543709928147	0.024183530333374538	0.10809244275713907	0.025729329032138253
2.7959999999999727	0.0799578943239616	0.054948897483959536	0.12531292302640978	0.05492554708909945
2.8019999999999725	0.10150335862387964	0.08265673208261093	0.13591638035639064	0.08107194405089194
2.8079999999999723	0.11766574292569786	0.10592013816734357	0.13941060696404603	0.10286135254850237
2.813999999999972	0.12766378477393583	0.12359033697267281	0.13567472656810348	0.11921992316462823
2.819999999999972	0.1310385993054836	0.13481323971733797	0.12496232446489397	0.1293598883732635
2.8259999999999716	0.1276744012464335	0.1390705269886779	0.10788520974277199	0.13281728891940947
2.8319999999999714	0.11780147975471195	0.13620326991897289	0.08537881073455889	0.12947286732464539
2.837999999999971	0.1019814265800426	0.12641703465556542	0.05865114509026989	0.11955520683011661
2.843999999999971	0.08107552674443562	0.11026836433203846	0.029118137975563455	0.10362610725479644
2.849999999999971	0.05619807529735905	0.08863348290161951	-0.001671256208919121	0.08254909505400179
2.8559999999999706	0.02865714039037503	0.06266096438398935	-0.03211617549708933	0.05744281718706863
2.8619999999999703	-1.1408595990425714E-4	0.03371091389206061	-0.060646972987669294	0.029621824240627096
2.86799999999997	-0.02863175313220042	0.003283873126611731	-0.08580603022411734	5.278698885087828E-4
2.87399999999997	-0.055437770044631865	-0.027056839973267105	-0.10632210652878066	-0.028344689350543573
2.8799999999999697	-0.07917424630476903	-0.05576534397953138	-0.12117443821107335	-0.05552553986045949
2.8859999999999695	-0.09865216155769123	-0.08139184903959312	-0.12964336275113816	-0.07964317657900005
2.8919999999999693	-0.11291079644755683	-0.10265575784585004	-0.13134496610876292	-0.09949399232044373
2.897999999999969	-0.12126496151547898	-0.11850953254212913	-0.12624809751837548	-0.1141022163722262
2.903999999999969	-0.12333771069170062	-0.1281901489862365	-0.11467302076375487	-0.12276772421393763
2.9099999999999686	-0.11907698923281852	-0.13125561902071467	-0.09727192556419118	-0.12509938407294038
2.9159999999999684	-0.10875550195341302	-0.12760484356207	-0.07499245778684416	-0.12103236342584663
2.921999999999968	-0.09295395297094614	-0.11747992350702796	-0.04902629459321762	-0.1108286498911601
2.927999999999968	-0.07252865835824954	-0.1014509569372523	-0.020745546096101207	-0.09506090321470573
2.9339999999999677	-0.0485653246761129	-0.08038424361784165	0.008369629435854373	-0.07458060399605214
2.9399999999999675	-0.02232147931040745	-0.05539565590917467	0.03680838435098427	-0.05047225726703106
2.9459999999999673	0.004839401770260321	-0.02779167667692439	0.06310747694043319	-0.0239961050872177
2.951999999999967	0.03151862430135201	9.987873984749764E-4	0.08592645136935448	0.003477632702704553
2.957999999999967	0.056354200414962086	0.029498264412606265	0.10411584515491595	0.030539564219912992
2.9639999999999667	0.07809027448232071	0.05625643553059708	0.11677495961159112	0.055813324336404554
2.9699999999999664	0.09564051660495149	0.07992383777725745	0.1232962968243463	0.07802547324941725
2.9759999999999662	0.10814228956855679	0.0993198111709704	0.12339447969326611	0.09606955034998813
2.981999999999966	0.11499889502890884	0.113491274627845	0.11711829137761078	0.10906106718540738
2.987999999999966	0.11590783831030774	0.12175941104243941	0.10484535381445004	0.11638071277379629
2.9939999999999656	0.11087378486909558	0.12375198262003756	0.08725986573745537	0.1177036688499342
2.9999999999999654	0.10020567677740994	0.11941974902876816	0.06531469210384937	0.1130136588156363
3.005999999999965	0.08449829326095748	0.10903628402669668	0.04017989428366226	0.10260114433764586
3.011999999999965	0.06459933343605716	0.09318133834600086	0.013180473206545924	0.08704589684461427
3.0179999999999647	0.04156383145800358	0.07270873410459613	-0.014273368411632903	0.06718496595443446
3.0239999999999645	0.01659834736295682	0.04870055629666804	-0.04075977995709078	0.04406780274649759
3.0299999999999643	-0.009002120605531419	0.022410090690125034	-0.06491880173405411	0.018900935760667956
3.035999999999964	-0.03392120905391975	-0.00480348931940931	-0.08552209042188429	-0.0070148901573862275
3.041999999999964	-0.05688877902672989	-0.03154528879330553	-0.1015352617003113	-0.03235184256485824
3.0479999999999636	-0.07674555668900059	-0.05645609312838111	-0.11216969183429548	-0.05582293838897739
3.0539999999999634	-0.09250154050545122	-0.07828135575243593	-0.11692119095360556	-0.07624731816863896
3.059999999999963	-0.10338523779116109	-0.09593427515784696	-0.11559366055564467	-0.09260955198226414
3.065999999999963	-0.10888128838764692	-0.1085497952429782	-0.10830663917744485	-0.10411000400863905
3.0719999999999628	-0.10875464889396946	-0.11552685201109901	-0.0954864815777314	-0.11020376395961264
3.0779999999999625	-0.10306021478861159	-0.11655681113424048	-0.07784176426392568	-0.11062625786193336
3.0839999999999623	-0.09213751311051124	-0.11163676194263222	-0.05632431996617601	-0.1054043459911975
3.089999999999962	-0.07659086600650108	-0.10106711646326148	-0.03207803419135824	-0.09485246594179082
3.095999999999962	-0.057256165983870594	-0.08543376677039981	-0.006378151215581617	-0.0795541451332907
3.1019999999999617	-0.035156079444602646	-0.06557583893068321	0.01943569595663665	-0.06032995029402582
3.1079999999999615	-0.011446071978113113	-0.04254080737315616	0.044029219921879345	-0.03819362392573358
3.1139999999999612	0.012645901737704222	-0.01752936310211314	0.06614235241483626	-0.014298745159610717
3.119999999999961	0.035882900644227896	0.008167068495100384	0.08465370682735218	0.01012128437676846
3.125999999999961	0.057082413414229934	0.03323291395702727	0.09863733708772368	0.03381681260928366
3.1319999999999606	0.07517644143176765	0.05639571375012156	0.10740892579212843	0.05558579509785439
3.1379999999999604	0.08926520073178978	0.07649062568563407	0.11055910451737469	0.07433468060213973
3.14399999999996	0.09866174798079613	0.0925189047278529	0.10797229314988603	0.08913324496529933
3.14999999999996	0.10292532352595013	0.10369742844633364	0.09983020656029855	0.09926062900237514
3.1559999999999597	0.10188180129506369	0.10949681824672364	0.08659997605314032	0.10424030800711882
3.1619999999999595	0.09563030939961355	0.1096663082673836	0.06900762813652093	0.10386230425898321
3.1679999999999593	0.08453580149535486	0.1042442047703301	0.047998413251839525	0.09819161879958124
3.173999999999959	0.06920808025359022	0.09355352302098809	0.02468614381192622	0.08756257016061655
3.179999999999959	0.05046846371207993	0.0781831476645792	2.9425048021926303E-4	0.07255944899118938
3.1859999999999586	0.029305907780251095	0.058955597653579404	-0.023908329321449172	0.05398459179029223
3.1919999999999584	0.006824922468876544	0.03688315059181069	-0.04667307587315718	0.03281560903076879
3.197999999999958	-0.01581198050172123	0.013114660099854476	-0.06683620426701692	0.010154041164988354
3.203999999999958	-0.037444314605854845	-0.011124145234547191	-0.08337806554880621	-0.012831866311479955
3.2099999999999578	-0.056973024889176396	-0.03459378373772539	-0.09547460493233269	-0.03496730066315146
3.2159999999999576	-0.07341623720070524	-0.056104317234301974	-0.10253828577363071	-0.055130841315452206
3.2219999999999573	-0.08595852707550702	-0.07457559436877338	-0.10424645383132132	-0.07231118506380466
3.227999999999957	-0.09399124120328953	-0.08909139525420591	-0.10055578205383403	-0.08565777229263102
3.233999999999957	-0.09714188382018009	-0.09894476830900534	-0.0917021665009487	-0.09452278484214591
3.2399999999999567	-0.0952911574155029	-0.10367232170676724	-0.07818620075943046	-0.09849244770549706
3.2459999999999565	-0.08857689146307778	-0.10307581355520062	-0.060745100041546096	-0.0974061297816954
3.2519999999999563	-0.07738477089538698	-0.09723004616835368	-0.04031263874920822	-0.0913623738752617
3.257999999999956	-0.062326452730741014	-0.08647677623168476	-0.017969271301240593	-0.08071166003094565
3.263999999999956	-0.044206299999013605	-0.07140506789496082	0.005114905119046668	-0.06603638442723207
3.2699999999999556	-0.0239785343907238	-0.052819203331411345	0.027741339802347578	-0.0481191838115218
3.2759999999999554	-0.0026970841625212987	-0.03169589025915284	0.048745174391083806	-0.027901320073018543
3.281999999999955	0.018539241722258806	-0.009133036997307055	0.06705512742854128	-0.006433331746280825
3.287999999999955	0.038643405567194415	0.013707223464021848	0.08174804339413294	0.015179465289299227
3.2939999999999547	0.056595702389823	0.0356583081073589	0.09209533340372755	0.035833805049907866
3.2999999999999545	0.0714953951548544	0.05560868692766049	0.09759897681266538	0.05448470915512625
3.3059999999999543	0.08260581356674745	0.07255808349815375	0.09801531169944386	0.07019827249071454
3.311999999999954	0.08939066337327585	0.08566753580731867	0.09336548779184072	0.08219833476372042
3.317999999999954	0.09153976260434554	0.09430081674040086	0.08393215375074645	0.08990471036388752
3.3239999999999537	0.08898297793054069	0.09805517486816694	0.07024266533653678	0.09296109925032663
3.3299999999999534	0.08189174911269291	0.0967799176025005	0.05303979480125652	0.09125134376601488
3.3359999999999532	0.0706682303468468	0.09058199083121918	0.03324155921455231	0.08490330191517884
3.341999999999953	0.0559227111496098	0.0798183790454507	0.01189233389447963	0.0742802452972918
3.347999999999953	0.03844057388082254	0.06507582325859942	-0.009892150907708671	0.0599603267890053
3.3539999999999526	0.019140569963422508	0.04713899633776814	-0.03098303776269084	0.04270526673308926
3.3599999999999524	-9.733739486328364E-4	0.026948854242666385	-0.05029675965420389	0.02341994633413424
3.365999999999952	-0.020864296337012474	0.0055533681148129494	-0.06685062844030147	0.0031050461868533962
3.371999999999952	-0.039515583844035	-0.015946787844472662	-0.07981274666085093	-0.017194795757287808
3.3779999999999517	-0.05598285272847079	-0.03645478211446563	-0.088543712251671	-0.036444625134648245
3.3839999999999515	-0.06944168504131878	-0.05493350420014561	-0.09262803085321356	-0.05367186053605618
3.3899999999999513	-0.07922881083582788	-0.0704579327790787	-0.091893699507195	-0.06801535280200642
3.395999999999951	-0.08487468406660244	-0.08226135348278679	-0.08641904938399703	-0.07876834370948185
3.401999999999951	-0.0861258581974274	-0.08977312167235008	-0.07652660092734727	-0.08541318566727141
3.4079999999999506	-0.08295610357704604	-0.0926461157749449	-0.06276435770263329	-0.08764612239100202
3.4139999999999504	-0.07556579423933717	-0.09077256772957056	-0.045875610474704016	-0.08539095182619105
3.41999999999995	-0.0643696965264187	-0.08428756051318398	-0.026758907524301292	-0.07880096953874172
3.42599999999995	-0.049973884688927286	-0.07356011730300616	-0.006420341259127351	-0.06824919350381684
3.4319999999999498	-0.033143059137667484	-0.059172439969441916	0.014079319974163524	-0.05430746874409143
3.4379999999999495	-0.014760023478742074	-0.041888454025022136	0.033679880919503996	-0.03771561217390912
3.4439999999999493	0.004220537138911798	-0.02261335260344779	0.0513764756082187	-0.019342255949341233
3.449999999999949	0.022821560474905106	-0.0023462767485107837	0.0662710065986505	-1.394567616439843E-4
3.455999999999949	0.04009383126074265	0.01787139865656475	0.07761763813966964	0.01890656126091009
3.4619999999999487	0.05516434690853935	0.03700950057968956	0.08486004330837098	0.036825985439180066
3.4679999999999485	0.06728036425335311	0.05410147693919513	0.08765855037817158	0.052714724933826146
3.4739999999999482	0.07584690905976525	0.0682931355538965	0.08590587094750121	0.06577994914472583
3.479999999999948	0.08045588386776828	0.07888524919014074	0.07973069317822022	0.07537956432291221
3.485999999999948	0.08090535602053388	0.08536790608547067	0.06948905629063055	0.0810536672305455
3.4919999999999476	0.0772081227599254	0.08744492378152821	0.05574405428519505	0.08254644051043249
3.4979999999999474	0.06958920712925738	0.08504716464326093	0.03923501508320533	0.07981745490483266
3.503999999999947	0.058472508212587246	0.07833416685837721	0.02083783528211116	0.07304189243719147
3.509999999999947	0.04445738267774664	0.06768410521119508	0.0015185934622359183	0.0625997737341857
3.5159999999999467	0.02828644347785571	0.05367269068921443	-0.017717105643035875	0.04905483263115888
3.5219999999999465	0.010806300228718028	0.03704217673896411	-0.03587640385412948	0.03312420359685538
3.5279999999999463	-0.007076687640241041	0.01866213455778177	-0.05203036559279771	0.015640546017380342
3.533999999999946	-0.0244433363201058	-5.159344850241654E-4	-0.06536142312976594	-0.002491398839306082
3.539999999999946	-0.04040881571796011	-0.019507784300381418	-0.07520467168030777	-0.020341555514969308
3.5459999999999456	-0.05416766223921313	-0.03734686853421027	-0.08108093294691587	-0.03700215485336135
3.5519999999999454	-0.06503433997766501	-0.053133462147769595	-0.08271994833418052	-0.05163383049877161
3.557999999999945	-0.07247731166684884	-0.06607996720887511	-0.08007258662145642	-0.06350783413188307
3.563999999999945	-0.07614493063755204	-0.0755501252746537	-0.07331152765245225	-0.07204225002641779
3.5699999999999448	-0.07588189837956576	-0.08109018834700302	-0.06282048334995793	-0.07683041357174378
3.5759999999999446	-0.07173552621177726	-0.08245052653319411	-0.04917260891777221	-0.07766015124702026
3.5819999999999443	-0.06395156821142631	-0.07959665071815354	-0.033099309964392545	-0.07452293934342544
3.587999999999944	-0.05295992857172134	-0.07270917663853538	-0.0154511372416394	-0.06761260047539287
3.593999999999944	-0.039351062436257044	-0.06217282440398123	0.002847144803500349	-0.05731369363822467
3.5999999999999437	-0.02384435875610093	-0.0485551056388455	0.02084494602402625	-0.04418027776309678
3.6059999999999435	-0.00725019318930457	-0.03257587064731694	0.037615166806463665	-0.028906213769695904
3.6119999999999433	0.009572351339598922	-0.01506934413389469	0.0523018874874131	-0.012288591623178738
3.617999999999943	0.025759894160250818	0.0030593526768373765	0.0641639813484525	0.004813794084367454
3.623999999999943	0.0404890040858718	0.02088093128378615	0.0726124326778201	0.021524760450445116
3.6299999999999426	0.053018020027371035	0.03748950740652067	0.07723948513294092	0.03699556097257744
3.6359999999999424	0.0627243244208495	0.05204858278165954	0.07783818333643411	0.05044792871502564
3.641999999999942	0.06913519999809221	0.0638331066175093	0.07441137889408805	0.06121315837865363
3.647999999999942	0.07195074509660127	0.07226550533773451	0.06716982399249827	0.06876526829806454
3.6539999999999417	0.07105774248413843	0.07694389431404301	0.05651954253991116	0.07274660197227015
3.6599999999999415	0.06653384942076956	0.07766109870209252	0.04303922105536081	0.07298462824155892
3.6659999999999413	0.05864197773545792	0.07441359044382427	0.027448870786265345	0.06949915859233011
3.671999999999941	0.04781523615368108	0.06739996996325276	0.010571452898534717	0.062499695369568994
3.677999999999941	0.03463328717651738	0.05700915713387823	-0.006710492131877011	0.05237313034152546
3.6839999999999407	0.019791403099465362	0.043798979287784756	-0.023500928868714455	0.03966250322090777
3.6899999999999404	0.004063868546562421	0.02846632780695145	-0.038936721913301234	0.02503797954074663
3.69599999999994	-0.011736347796317666	0.011810474855123414	-0.05223194256042642	0.00926159412059341
3.70199999999994	-0.026799555080024167	-0.005308522804803175	-0.06271781610290804	-0.006852388947360149
3.70799999999994	-0.04036077305832144	-0.022014171597967664	-0.06987628298499894	-0.022479441147662482
3.7139999999999396	-0.05173851867339151	-0.0374583569803162	-0.07336549385461315	-0.036826899609303174
3.7199999999999394	-0.060368983140085875	-0.05086433897087344	-0.0730359892784828	-0.049174112782089385
3.725999999999939	-0.06583388914623726	-0.06156575087871272	-0.06893680651248699	-0.058908571641999585
3.731999999999939	-0.06788065612821367	-0.06903964661388164	-0.061311282357315235	-0.06555621836882768
3.7379999999999387	-0.06643390726633107	-0.07293196164059344	-0.05058285528200085	-0.06880443675982056
3.7439999999999385	-0.06159780352040987	-0.07307415297469202	-0.03733168401174279	-0.06851661456486471
3.7499999999999383	-0.0536491641672107	-0.06949024356571618	-0.022263367270933268	-0.06473760714605759
3.755999999999938	-0.04302180543642695	-0.062393991994782946	-0.0061714465905231795	-0.05768990152665686
3.761999999999938	-0.030282974811502574	-0.052176414103210896	0.010104318897022874	-0.04776075579371017
3.7679999999999376	-0.0161031557547695	-0.039384373082197575	0.025721715043430793	-0.035481046635926446
3.7739999999999374	-0.001220846114562528	-0.024691403859272355	0.039879595152031044	-0.021496974343907432
3.779999999999937	0.013595842954531395	-0.008862323748198737	0.05185891632600537	-0.006536128986476167
3.785999999999937	0.027588773819517624	0.007286514870522005	0.06105919094057411	0.008630303835159453
3.7919999999999368	0.04004851765468987	0.022929267400928408	0.06702850889624813	0.023227237590142936
3.7979999999999365	0.05035026203981856	0.037272773161564625	0.06948563385481407	0.03651523954251411
3.8039999999999363	0.057985076534301634	0.0495967137775661	0.06833309860264283	0.047827929907766784
3.809999999999936	0.0625849752112432	0.05928972360801901	0.06366069860930827	0.056605336866962896
3.815999999999936	0.06394054620816404	0.0658796452539478	0.05573928383854716	0.06242154119210113
3.8219999999999357	0.06201030955369795	0.06905643671121763	0.04500525081936404	0.06500524962857586
3.8279999999999355	0.05692139531257324	0.0686866237643074	0.03203661396285624	0.06425230835571659
3.8339999999999352	0.04896158205498875	0.06481863141958698	0.017521962687725934	0.060229587257614854
3.839999999999935	0.03856317771483044	0.057678798667953994	0.002223967423505316	0.05317011059481388
3.845999999999935	0.026279638468867255	0.047658357410848284	-0.013060634823041213	0.04345975707266335
3.8519999999999346	0.012756185414289306	0.03529211463871731	-0.027542479003642335	0.031616279419398555
3.8579999999999344	-0.0013040246761725314	0.02122999371015626	-0.04048028235079693	0.018261778810819383
3.863999999999934	-0.015176403984035426	0.006202944945145069	-0.05121872983050588	0.004090093524007033
3.869999999999934	-0.02815222137077533	-0.009014989826239569	-0.0592216015582451	-0.010169191931055107
3.8759999999999337	-0.03957475710371698	-0.02364649294978923	-0.06409847098067123	-0.02378825319481105
3.8819999999999335	-0.04887248300007836	-0.03695062160627787	-0.06562364871916214	-0.03607812258247903
3.8879999999999333	-0.05558759457926165	-0.04826027364912846	-0.06374645860712078	-0.04642348770679273
3.893999999999933	-0.059398474226196825	-0.05701557703853384	-0.0585923878197427	-0.054313437439851904
3.899999999999933	-0.060134987371519996	-0.0627915348556732	-0.050455128205489655	-0.059366622075339014
3.9059999999999326	-0.057785890140157434	-0.06531856460838621	-0.03977999627096128	-0.06134959245559047
3.9119999999999324	-0.052498037072087785	-0.06449494410062892	-0.027139660491992526	-0.06018744117307842
3.917999999999932	-0.044567500085227134	-0.060390596932871174	-0.013203494177922	-0.05596626895485453
3.923999999999932	-0.034423123085740116	-0.053242096885651714	0.0012978096849000625	-0.0489274202401723
3.9299999999999318	-0.022603419455853993	-0.04343921905802015	0.01561049417745487	-0.03945385212573916
3.9359999999999316	-0.009728052722367648	-0.03150379379813404	0.028996864733646096	-0.028049398862129437
3.9419999999999313	0.00353459259646447	-0.01806200551989486	0.04077325772475518	-0.015312049833555972
3.947999999999931	0.016502055736962902	-0.0038116031193090425	0.05034489990338843	-0.0019026546625272088
3.953999999999931	0.028512866935855686	0.010514264147767316	0.05723588422197709	0.011489309814649924
3.9599999999999307	0.03896023788664424	0.024184713740918778	0.061112754667018834	0.02418114009349458
3.9659999999999305	0.04732266210874023	0.036508367272254254	0.061800535494484055	0.03553165904026392
3.9719999999999303	0.0531898849137763	0.04686826372987222	0.05929044027677935	0.04497355490344193
3.97799999999993	0.056282953019621725	0.05475268818607079	0.05373893233508416	0.052041677944479996
3.98399999999993	0.056467368126221607	0.059780378573190594	0.04545825760112493	0.05639588635193117
3.9899999999999296	0.0537587302861099	0.061718872504938134	0.03489901040200351	0.05783732305342541
3.9959999999999294	0.04832064675755075	0.06049511612694297	0.02262569947620653	0.056317349541646605
4.00199999999993	0.04045508001286544	0.05619785874063194	0.009286634969311444	0.0519387438521028
4.00799999999993	0.030585694239430413	0.04907177963156997	-0.00442026058415098	0.04494916763207354
4.01399999999993	0.01923511337381861	0.03950371542647396	-0.017783917193026966	0.035727301394676315
4.01999999999993	0.006997307614092625	0.028001755903007443	-0.030116955694137255	0.024762417492883857
4.0259999999999305	-0.005493435671615426	0.015168333299718109	-0.040790993494791976	0.012628488389190435
4.031999999999931	-0.01759533835817949	0.0016687269701232373	-0.0492686070172784	-4.5802927337367824E-5
4.037999999999931	-0.028692058915834418	-0.011803372931022576	-0.0551303279589199	-0.012609586242369231
4.043999999999931	-0.03822403375641997	-0.024561462833199623	-0.05809532060068497	-0.024423181157786137
4.049999999999931	-0.045716641365497704	-0.035961159968240404	-0.05803472512477165	-0.03489061870145352
4.055999999999932	-0.05080377440472478	-0.04543269819833402	-0.05497703922601641	-0.04348965653902427
4.061999999999932	-0.05324565228952521	-0.05250934932977606	-0.04910532680152892	-0.049797778712699074
4.067999999999932	-0.052940011721036136	-0.05685035512757493	-0.040746466420062404	-0.05351288845928408
4.073999999999932	-0.04992615916565747	-0.05825724685748914	-0.030353061649018194	-0.05446768428040806
4.079999999999933	-0.04438173922904181	-0.056682775615030795	-0.018479009129535238	-0.0526370401455565
4.085999999999933	-0.036612447118399435	-0.05223205983906039	-0.005750039528921301	-0.04813807322188443
4.091999999999933	-0.027035272726918653	-0.04515595641448799	0.00716920486695103	-0.04122295808776842
4.097999999999933	-0.016156190034921854	-0.03583705811349069	0.01960982638110951	-0.032264915738513554
4.1039999999999335	-0.004543482088386968	-0.024769092634627368	0.0309332573989108	-0.02173815005239236
4.109999999999934	0.0072018949481563715	-0.012530828384537954	0.04056398923963113	-0.010192806407847196
4.115999999999934	0.018477365634305947	2.4413705273370283E-4	0.048018769507205336	0.0017737282105740554
4.121999999999934	0.028709604642633377	0.012900131409566633	0.052930789433944865	0.013547688993876457
4.127999999999934	0.037383642585486744	0.024793014344346016	0.05506765390324875	0.02453036877448356
4.133999999999935	0.04406873307236507	0.03532291598270671	0.05434225809583108	0.034168517412090774
4.139999999999935	0.04843968433612494	0.04396444579971242	0.05081606843493401	0.041982163886640674
4.145999999999935	0.050292602171459144	0.05029285305570635	0.04469470204939026	0.04758846445485287
4.151999999999935	0.049554286171574584	0.054004839030588773	0.036316097655791184	0.05072039477668866
4.1579999999999355	0.0462848527643061	0.05493300476117394	0.026131950971804888	0.05123937691148058
4.163999999999936	0.04067350904917365	0.053053250887594036	0.014683430028172562	0.04914124910161502
4.169999999999936	0.03302775281096443	0.048484811175715334	0.002572472687209726	0.04455533076426082
4.175999999999936	0.02375660833333332	0.04148297943218568	-0.009569814056447058	0.03773668929793607
4.181999999999936	0.013348807789637368	0.032424961481096914	-0.02111599645969534	0.02905206103828403
4.187999999999937	0.002347078971644326	0.021789630717927805	-0.031474691320101125	0.018960198409883833
4.193999999999937	-0.008680110498611528	0.010132270026461483	-0.04012080972434319	0.0079876929382387
4.199999999999937	-0.019167883709971738	-0.0019443706172199283	-0.04662212300019911	-0.003298454488013284
4.205999999999937	-0.028583848604598356	-0.013821194808527055	-0.05066080952884438	-0.014320089708964636
4.211999999999938	-0.036455079927095124	-0.02489445412321955	-0.05204891156827264	-0.02451748039243833
4.217999999999938	-0.04239182380779215	-0.03460639588186258	-0.05073695477604085	-0.03337769939196274
4.223999999999938	-0.04610673938230275	-0.042473310744452444	-0.04681534254426755	-0.040460379276053664
4.229999999999938	-0.047428730587628226	-0.048109572106366925	-0.040508513706034796	-0.04541954724957302
4.2359999999999385	-0.04631070644259298	-0.05124647532363477	-0.03216222605322028	-0.04802046056408412
4.241999999999939	-0.04283092471521384	-0.05174495981085145	-0.022224680131201775	-0.04815062665448923
4.247999999999939	-0.03718790541961938	-0.049601616518502534	-0.011222509946327895	-0.045824495720658553
4.253999999999939	-0.0296892299648407	-0.04494773055287891	2.6707625247045404E-4	-0.04118164048511512
4.259999999999939	-0.020734852149593433	-0.03804146581821651	0.01164653385949744	-0.03447857152603857
4.26599999999994	-0.010795822831836138	-0.02925364725113173	0.022329016680296736	-0.02607465983838658
4.27199999999994	-3.895571843710697E-4	-0.019047918777808613	0.03176859889856151	-0.0164129347211725
4.27799999999994	0.009947059231895147	-0.007956335330277049	0.03948813003759	-0.0059967798389552905
4.28399999999994	0.019685329840442214	0.0034483288206602863	0.04510330400315402	0.0046362492733470016
4.2899999999999405	0.02833174895256217	0.01458211646666124	0.04834173074096473	0.014942126656780977
4.295999999999941	0.0354529692043819	0.024879747612664708	0.04905606732336851	0.024398150873405976
4.301999999999941	0.04069747356273096	0.03382327857276785	0.047230580029198124	0.032529415396133236
4.307999999999941	0.04381287053755847	0.04096810914460401	0.042980853550862265	0.03893261603086619
4.313999999999941	0.04465796466688194	0.04596503427422567	0.036546719806078515	0.043296004165500133
4.319999999999942	0.04320902917800144	0.04857724912363464	0.02827882844365267	0.04541450133016514
4.325999999999942	0.03956000954607703	0.04869148279887768	0.018619606011727012	0.04519924567901526
4.331999999999942	0.0339166997810085	0.04632274216220677	0.008079634329745473	0.042681131143747414
4.337999999999942	0.026585241545561446	0.041612477198522464	-0.002789293428706232	0.03800821006980201
4.343999999999943	0.01795558389814483	0.03482031631108717	-0.013423019384651187	0.03143714414798583
4.349999999999943	0.008480794008304931	0.026309846453588782	-0.023274264399180955	0.023319190352566826
4.355999999999943	-0.0013466860179267564	0.016529212606754086	-0.031840754511879385	0.014081483101296798
4.361999999999943	-0.011020594117370178	0.0059875687304195855	-0.03869078695627875	0.004204607200220702
4.3679999999999435	-0.020046890887306837	-0.004771384815866077	-0.0434849366891105	-0.0058023632204532724
4.373999999999944	-0.027968952105908485	-0.015197404173168125	-0.04599281461145701	-0.015428065394963315
4.379999999999944	-0.03439062846782664	-0.024761804927622515	-0.04610405337812068	-0.024184941689858266
4.385999999999944	-0.03899601010236487	-0.03298423173253609	-0.04383300175667096	-0.031633896850204596
4.391999999999944	-0.041564912184814506	-0.03945674115940381	-0.03931693781425581	-0.037406273718947225
4.397999999999945	-0.04198332552648267	-0.04386399257177948	-0.03280794756523836	-0.041222049780350184
4.403999999999945	-0.0402483403620519	-0.045998550257172595	-0.024658941673686215	-0.04290335894568582
4.409999999999945	-0.036467338792270876	-0.04577055756479824	-0.015304581622375506	-0.04238268900748525
4.415999999999945	-0.0308515465800023	-0.04321133684532253	-0.00523814322738347	-0.039705382218697655
4.4219999999999455	-0.023704323051415337	-0.03847078233842343	0.005014453397389847	-0.035026360114650844
4.427999999999946	-0.015404834033413832	-0.031808730662911934	0.0149220822