0.0	1.0	1.0	1.0	1.0
0.00588	0.971225313808	0.9713249820547736	0.97112164	0.9713260804742456
0.01176	0.8949248699145022	0.8953061554188809	0.89431291995712	0.8953135277958227
0.01764	0.7752533600074227	0.7760611164068979	0.7737761819078981	0.7760816454669067
0.02352	0.6184623866513731	0.6197885954142938	0.615849941605868	0.619832293072382
0.0294	0.4325764493116084	0.43444371542200283	0.42867518549711625	0.43452868026100866
0.03528	0.22698332215597325	0.22934005075182165	0.22177672881121616	0.22949057131041797
0.04116	0.011960839513735869	0.014684021512567251	0.0055793834296100075	0.014926427589322227
0.04704	-0.201836102338757	-0.1989343339513621	-0.2091165364896679	-0.1985740675046586
0.052919999999999995	-0.40390276090678817	-0.401063029862429	-0.4116740207243844	-0.4005619120767929
0.05879999999999999	-0.5843999309715581	-0.5818979376158995	-0.5921456374300353	-0.5812394326337363
0.06467999999999999	-0.7346322477814543	-0.7327577685594883	-0.7417612745877924	-0.7319347554809494
0.07055999999999998	-0.8474661985539738	-0.846500297840554	-0.853353472404883	-0.845517164178358
0.07643999999999998	-0.9176677919993129	-0.9178593827446015	-0.9216997626060572	-0.9167334920689049
0.08231999999999998	-0.9421439561332925	-0.9436874054028481	-0.9437657164829164	-0.942449732885165
0.08819999999999997	-0.9200766039102775	-0.9230921457450724	-0.9188374626661236	-0.921786827450315
0.09407999999999997	-0.8529436783776285	-0.8574620347028356	-0.8485380105530734	-0.8561448604284775
0.09995999999999997	-0.7444270956726409	-0.750379469330769	-0.7367275253876912	-0.7491154153242106
0.10583999999999996	-0.6002130675253149	-0.6074274313654909	-0.5892934560249294	-0.6062873163839577
0.11171999999999996	-0.4276955317413393	-0.4358997327476472	-0.41384183141120257	-0.4349561645470938
0.11759999999999995	-0.2355980940378105	-0.24442983880821137	-0.21930585097511487	-0.2437526999983499
0.12347999999999995	-0.033533762490366395	-0.04255712508074472	-0.015491863888873525	-0.04220887424707137
0.12935999999999995	0.1684753472766674	0.1597476724902274	0.18741422747497327	0.1597165921179575
0.13523999999999994	0.36049437636618253	0.3525742483524988	0.3793553309858858	0.35212958748893824
0.14111999999999994	0.5331636083328233	0.5265575367889486	0.5509009577702695	0.5256847122681169
0.14699999999999994	0.6781539524084704	0.6733318532882356	0.6937098401812237	0.6720384548912091
0.15287999999999993	0.7885678957273787	0.7859323797805265	0.8009347172273266	0.784249501613549
0.15875999999999993	0.8592666646870049	0.8591247652098615	0.8675496849304176	0.8571070138929954
0.16463999999999993	0.8871081272691	0.8896472890203868	0.890584511247479	0.8873713958898097
0.17051999999999992	0.8710844886141158	0.8763544440423184	0.8692550582501202	0.8739164905684277
0.17639999999999992	0.8123538529146127	0.8202557144606594	0.8049841968477287	0.8177670637384182
0.18227999999999991	0.7141649946154592	0.7244485076500815	0.7013130773151132	0.7220306158504805
0.1881599999999999	0.5816799396902211	0.5939493902128093	0.5637080585876766	0.591727745540825
0.1940399999999999	0.4217039449155427	0.43543272466343436	0.3992737312111697	0.43353022282613995
0.1999199999999999	0.2423369365904692	0.2568902633768247	0.21638704095631728	0.25542037390722466
0.2057999999999999	0.052564214358798926	0.06722901612484493	0.02427131024860213	0.06628912015654607
0.2116799999999999	-0.13819293730811008	-0.12417241147333302	-0.1674682188468692	-0.12450712629915794
0.2175599999999999	-0.32054428969554016	-0.30792694285753963	-0.3493239655858825	-0.3076086616513593
0.2234399999999999	-0.48559224334345436	-0.47509878051014537	-0.5123568028581731	-0.4741109845073531
0.22931999999999989	-0.6253652792103143	-0.617637294898683	-0.6486347808708454	-0.6159971575786639
0.23519999999999988	-0.7332022064895285	-0.728764016664413	-0.751618284362548	-0.7265230771716868
0.24107999999999988	-0.8040687238391112	-0.8032941649872062	-0.8164729593306972	-0.8005371727348937
0.24695999999999987	-0.8347912956985282	-0.83787750272421	-0.8402954815420534	-0.8347194250938232
0.2528399999999999	-0.8241975385394297	-0.8311473839081877	-0.8222416851009304	-0.8277286704232972
0.2587199999999999	-0.773157001123577	-0.7837714460798243	-0.7635514987010674	-0.780251741736542
0.2645999999999999	-0.6845211733091964	-0.6984022699119197	-0.6674703014052934	-0.6949528619040111
0.2704799999999999	-0.5629665239758704	-0.5795312408649924	-0.5390714507940308	-0.5763266014625611
0.2763599999999999	-0.41474910585464453	-0.43325356129446363	-0.384989599286359	-0.4304624104486587
0.2822399999999999	-0.24738354239598498	-0.26695664730783736	-0.2130787604396349	-0.26473299786489873
0.2881199999999999	-0.06926282279196076	-0.088947796369685	-0.03201270475676479	-0.08742245989553793
0.2939999999999999	0.11076189608583249	0.09196014445983784	0.14915201948242715	0.09268712373494
0.29987999999999987	0.28382047705857383	0.26688447634438106	0.32142845789967034	0.2667500280947467
0.30575999999999987	0.44146021878156944	0.42730820179624274	0.476344449041176	0.42629070575084793
0.31163999999999986	0.5760580599690653	0.5654941054616962	0.6063586269514932	0.5636158482147915
0.31751999999999986	0.6811885026821538	0.674857260935572	0.7052268328494046	0.6721846841430588
0.32339999999999985	0.7519295327998105	0.7502780623224781	0.7683011690072236	0.7469197253095838
0.32927999999999985	0.7850920147417648	0.7883409382225463	0.7927474151488038	0.7844432372176863
0.33515999999999985	0.7793619237510023	0.7874876665701438	0.7776706945156967	0.7832284726065085
0.34103999999999984	0.735349155640445	0.7480784813897181	0.7241439109319349	0.743658972970937
0.34691999999999984	0.6555413014741784	0.6723587336361472	0.6351383460171337	0.6679938023218351
0.35279999999999984	0.5441654623235578	0.5643335115705789	0.5153606637795483	0.5602412030017621
0.35867999999999983	0.40696567612275064	0.4295571136166898	0.37100517727460336	0.4259476283088372
0.36455999999999983	0.2509076151878469	0.2748483798709958	0.2094343623624299	0.27191319360570004
0.3704399999999998	0.0838256916335427	0.10794642904402624	0.0388040558904032	0.10584809947374645
0.3763199999999998	-0.0859695872406496	-0.06287585310902728	-0.13234761580034865	-0.06401264989755807
0.3821999999999998	-0.25010436701995714	-0.22922130086244508	-0.295526889743206	-0.22931701197646914
0.3880799999999998	-0.400553828112741	-0.38298069070408397	-0.4427053095762058	-0.3820059931638005
0.3939599999999998	-0.5300339226476811	-0.5167274899241778	-0.566714126444759	-0.5147059513402428
0.3998399999999998	-0.6323533738568109	-0.6240759439444522	-0.6615928127858062	-0.6210840462884756
0.4057199999999998	-0.7027089609171164	-0.6999852670196934	-0.7228747794042565	-0.6961497352161096
0.4115999999999998	-0.7379100447980305	-0.7409954812726115	-0.7477966401759418	-0.7364879965410307
0.4174799999999998	-0.7365218892413515	-0.7453839144565482	-0.7354212732210185	-0.7404134290143896
0.4233599999999998	-0.6989214129785742	-0.7132353420725129	-0.6866692834651322	-0.708038339804187
0.4292399999999998	-0.6272633698284801	-0.6464230456602612	-0.6042580593585215	-0.6412522058462032
0.4351199999999998	-0.5253593756029619	-0.5485024438002676	-0.4925522066822972	-0.5436142558538801
0.4409999999999998	-0.39847646676126447	-0.4245232200807436	-0.35733350713610884	-0.42016516137468257
0.4468799999999998	-0.253065776996966	-0.2807698149706365	-0.20550247412478792	-0.2771677374719558
0.4527599999999998	-0.09643526562189729	-0.12444357578404364	-0.044726871788237005	-0.12178994811764787
0.45863999999999977	0.06361693425110089	0.03669739288899436	0.11694493233121744	0.03825377374007683
0.46451999999999977	0.21919018266376006	0.19472269579664522	0.27148631324585315	0.19508497351775086
0.47039999999999976	0.3626707711822875	0.3419194045517893	0.4112903467995065	0.3410484575099763
0.47627999999999976	0.48710396416382884	0.47116797653512316	0.5295436768032719	0.4690853998627121
0.48215999999999976	0.5865304917303152	0.5762860398463463	0.6205579445954288	0.5730741166757096
0.48803999999999975	0.656271244729427	0.6523234722693764	0.6800426904773855	0.6481220855479294
0.49391999999999975	0.6931466065944204	0.6957947229349457	0.7053066719338519	0.6907953143895278
0.49979999999999974	0.6956201861663144	0.7048375135406589	0.6953782015953401	0.6992743483852711
0.5056799999999998	0.6638605200404206	0.679290750039347	0.6510392019769359	0.6734298870756087
0.5115599999999998	0.5997184017197046	0.6206884905958816	0.5747719974683059	0.6148149800491832
0.5174399999999998	0.5066216643087288	0.5321709521078737	0.47062220051805487	0.5265748813300901
0.5233199999999998	0.38939328791866873	0.4183175921295867	0.3439851832459434	0.41327966683438616
0.5291999999999998	0.2540024245149168	0.2849110777524591	0.2013273544226822	0.28068845987128044
0.5350799999999998	0.10726115131180612	0.13864426532374718	0.04985660326337646	0.13545738572245467
0.5409599999999998	-0.04351767503922593	-0.013214993592470452	-0.10284132520838721	-0.015193968737669603
0.5468399999999998	-0.190884307730631	-0.16318446061289613	-0.2491822064910077	-0.16384090546760033
0.5527199999999998	-0.3276196621279587	-0.3039356665048416	-0.38195951722965593	-0.3032190151126776
0.5585999999999998	-0.4470884230842485	-0.42865152454428457	-0.49469878708680765	-0.4265786689314257
0.5644799999999998	-0.5435604623685093	-0.5313559753762869	-0.5819727248136655	-0.5280113299519738
0.5703599999999998	-0.612485025394607	-0.6071997496914353	-0.6396618102446738	-0.6027319353794489
0.5762399999999998	-0.6507046004568235	-0.6526886141428468	-0.6651478748468143	-0.6473038857671769
0.5821199999999997	-0.6565984606395837	-0.6658433940679228	-0.6574316199843816	-0.6597961003864661
0.5879999999999997	-0.6301494118837796	-0.6462844950468607	-0.6171688693467736	-0.6398650140025447
0.5938799999999997	-0.5729311121575714	-0.5952374021413263	-0.5466244257374899	-0.5887581264583946
0.5997599999999997	-0.4880172554235653	-0.515459534155561	-0.4495464987080171	-0.5092395873936776
0.6056399999999997	-0.37981774607059954	-0.4110926783815041	-0.33096858497104065	-0.4054421133459534
0.6115199999999997	-0.2538505370368876	-0.28744884100091145	-0.19694922541639368	-0.2826531069980846
0.6173999999999997	-0.11646089591315323	-0.15074054480601473	-0.054263058267805	-0.14704600548425725
0.6232799999999997	0.025497650295938742	-0.007769236016834602	0.08994110664259353	-0.005370475274985775
0.6291599999999997	0.16500467654264073	0.13441259844309783	0.22849796101905331	0.13538302692764956
0.6350399999999997	0.29521955005226985	0.26884884213002724	0.35458124782385525	0.2683276820403872
0.6409199999999997	0.4098163535162298	0.3890195981910433	0.46203956904318	0.3870167788890478
0.6467999999999997	0.5032906680432633	0.4891568960341079	0.5456959571146227	0.485755812171176
0.6526799999999997	0.571223364873531	0.5645209931087342	0.6015966486932387	0.559875124460199
0.6585599999999997	0.6104887945535402	0.6116240638798405	0.627197138865068	0.605950067464223
0.6644399999999997	0.6193976033266992	0.6283907525813975	0.621476802990722	0.6219583373678881
0.6703199999999997	0.5977677041111659	0.6142482441998973	0.5849769882150089	0.6073673030244349
0.6761999999999997	0.5469205175771763	0.5701420197047995	0.5197613146701103	0.563147634996461
0.6820799999999997	0.46960329857556327	0.49847713212350087	0.4293007953219722	0.49171318433381433
0.6879599999999997	0.3698419916036673	0.4029884886042487	0.31829009110144196	0.3967906729152426
0.6938399999999997	0.252732438270109	0.288547071634533	0.19240458184021775	0.28322616542801227
0.6997199999999997	0.12418072573628364	0.1609121128776179	0.05801078956936487	0.156738331382581
0.7055999999999997	-0.00939412452029375	0.026441797824530957	-0.07815509855346336	0.02363102822585841
0.7114799999999997	-0.1413801874184201	-0.10822299274198738	-0.20932439939088546	-0.1095203756281229
0.7173599999999997	-0.2652994528840271	-0.23648619680275604	-0.32903194169995986	-0.23619335334382485
0.7232399999999997	-0.37512530132539007	-0.35211921036581645	-0.43143425560337456	-0.35023727071953425
0.7291199999999997	-0.46557510053010964	-0.4495628923377499	-0.511594307357935	-0.44617155201396946
0.7349999999999997	-0.532363743181388	-0.5241943148186337	-0.5657189311477088	-0.5194485301825852
0.7408799999999996	-0.5724059848524266	-0.5725454846729754	-0.5913375698529487	-0.5666684017335177
0.7467599999999996	-0.583958062868437	-0.5924637187031762	-0.5874139416055327	-0.5857361577012768
0.7526399999999996	-0.5666921430499303	-0.5832062963765902	-0.5543856449104134	-0.5759532891442976
0.7585199999999996	-0.5217004994812251	-0.5454652928121216	-0.49413033052663763	-0.5380403207533861
0.7643999999999996	-0.45142981446408387	-0.4813219472997738	-0.4098607220240215	-0.4740896474171501
0.7702799999999996	-0.35954941941856167	-0.3941333785137142	-0.3059542774153178	-0.38745156695500743
0.7761599999999996	-0.2507605142165901	-0.28835774752596266	-0.18772647855958424	-0.2825596502807075
0.7820399999999996	-0.1305562459013009	-0.1693269339844985	-0.061159457297386366	-0.1647045103245721
0.7879199999999996	-0.004944861256181122	-0.04297828689330364	0.0674002136351487	-0.03976748283103828
0.7937999999999996	0.11985013922349692	0.08444107907780987	0.19155932110859863	0.08607240051971303
0.7996799999999996	0.237697904759455	0.20668273662563008	0.3051955117245475	0.20664356991953922
0.8055599999999996	0.34286098367364215	0.31780293906269813	0.40275874537342204	0.3160841571454181
0.8114399999999996	0.43027418744939466	0.41245118956790333	0.47954188148890026	0.4091265369730483
0.8173199999999996	0.4957880388346555	0.4861273979198896	0.5319072302408685	0.48135038063620267
0.8231999999999996	0.5363651293354114	0.5353952889182902	0.5574581934403364	0.5293920894000241
0.8290799999999996	0.5502201259647632	0.558041969975266	0.5551479330392033	0.5511007144317361
0.8349599999999996	0.5368970166999361	0.5531762845063803	0.5253201949776448	0.5456331731749231
0.8408399999999996	0.4972803249360828	0.5212616357161688	0.4696808214392938	0.5134846060155329
0.8467199999999996	0.43354029838076535	0.4640822096401398	0.39120193463713276	0.45645292881808436
0.8525999999999996	0.34901532509296074	0.38464479647672317	0.29396409857280464	0.3775398680955372
0.8584799999999996	0.24803788926210232	0.2870215449691026	0.18294479798780777	0.28079385772037946
0.8643599999999996	0.13571310293325467	0.17614183342309223	0.06376416791452429	0.17110297888818785
0.8702399999999996	0.017661106096575174	0.05754386571525221	-0.0575990622316286	0.05394850363882218
0.8761199999999996	-0.10026369065083933	-0.0629015139143795	-0.17510707528311525	-0.06486855633792903
0.8819999999999996	-0.21226251716402722	-0.17928103529404316	-0.2829629404507882	-0.1795142753408712
0.8878799999999996	-0.312876972747237	-0.28592891951331223	-0.37589617177519535	-0.28440785227922927
0.8937599999999996	-0.39725461310153004	-0.3777023042029326	-0.4494198251780153	-0.3744928578252834
0.8996399999999996	-0.4613824944487842	-0.45022880804363247	-0.5000466156597884	-0.4454805273209978
0.9055199999999995	-0.502277458829475	-0.5001143393717489	-0.5254536718365779	-0.4940534160493781
0.9113999999999995	-0.5181241667630505	-0.5251012979146824	-0.5245881780980491	-0.5180197727818934
0.9172799999999995	-0.5083545292446732	-0.5241698285241636	-0.4977091505046609	-0.5164114821519656
0.9231599999999995	-0.4736651267309089	-0.49757763456412585	-0.4463637995391405	-0.4895212503778033
0.9290399999999995	-0.41597228151003834	-0.4468369040751309	-0.37330019017673033	-0.43887772108391226
0.9349199999999995	-0.33830751903276884	-0.37462999323442586	-0.2823210554544884	-0.3671602593269567
0.9407999999999995	-0.2446590625267926	-0.2846684971997114	-0.1780864986863939	-0.27805808262631976
0.9466799999999995	-0.13976761182751807	-0.181503072829667	-0.06587579107944046	-0.1760811047141726
0.9525599999999995	-0.028886836176382522	-0.07029372916797828	0.04867958349013349	-0.0663321613638786
0.9584399999999995	0.08247934178387592	0.04344784205243013	0.15987815852682136	0.045747901604495295
0.9643199999999995	0.1888495539958432	0.15413104913680417	0.26223186496920614	0.15464956477908778
0.9701999999999995	0.2850343844312518	0.25636081467628075	0.3507364955548198	0.25506508250054194
0.9760799999999995	0.3663891351060198	0.34520017003027187	0.42111594413647224	0.3421467844754659
0.9819599999999995	0.42903766928049014	0.41640826763762684	0.4700283208728335	0.41174068086271937
0.9878399999999995	0.4700565666398979	0.46664235696229855	0.49522403311830815	0.46058413473170684
0.9937199999999995	0.4876108680174709	0.4936141282922336	0.4956483859462796	0.48645821986856935
0.9995999999999995	0.48103514175013135	0.4961931417166925	0.47148406942228394	0.48828768003355477
1.0054799999999995	0.45085634585120105	0.4744527094147257	0.4241319195889061	0.4661840316675847
1.0113599999999996	0.3987578525568486	0.429656455323904	0.356131415141894	0.42143017434197405
1.0172399999999997	0.3274869009313347	0.3641866957912145	0.27102534898617114	0.35640775205509745
1.0231199999999998	0.24071050645686742	0.28141862444875787	0.17317584638985478	0.2744713023178569
1.029	0.1428273491300994	0.18554690590341	0.06754125577740927	0.17977580269637863
1.03488	0.03874526322972527	0.08137355930215323	-0.040574699348917234	0.07706645192496424
1.0407600000000001	-0.06636443745802154	-0.025932164222345646	-0.14578883663289915	-0.028558701353641934
1.0466400000000002	-0.16732352063947864	-0.1310899223655561	-0.24290618530978564	-0.1319014279347814
1.0525200000000003	-0.2592015725831443	-0.22896776655373416	-0.32717611944081554	-0.2279187810116677
1.0584000000000005	-0.33755639802372345	-0.3148322367187709	-0.39452434409263143	-0.3119688160329889
1.0642800000000006	-0.3986483803585036	-0.3845768957624213	-0.44174942607413614	-0.38003461285678897
1.0701600000000007	-0.4396184790092464	-0.43491828891349044	-0.46667441251512715	-0.4289158084162438
1.0760400000000008	-0.458621416319927	-0.4635499985027885	-0.46824638608579655	-0.4563785298174852
1.0819200000000009	-0.454907881513218	-0.46924759307091873	-0.44657944692286733	-0.46125673166635517
1.087800000000001	-0.42885213876752387	-0.4519197333313597	-0.40293945457301134	-0.4435003803105133
1.093680000000001	-0.38192414211802655	-0.4126033729510857	-0.33967176579523883	-0.40416856940310375
1.0995600000000012	-0.3166079967506138	-0.3534037466347156	-0.26007602142204395	-0.34536836464797194
1.1054400000000013	-0.2362712295616549	-0.2773825360710266	-0.16823462861800553	-0.2701428272610659
1.1113200000000014	-0.14499171353649412	-0.18840011426121156	-0.06880382701341096	-0.18231412620795368
1.1172000000000015	-0.04735111545634679	-0.090919969224244	0.03322198999851375	-0.0862897997281409
1.1230800000000016	0.0517946919064432	0.010214806157612244	0.1327607886822425	0.013158035708532542
1.1289600000000017	0.14755676707503698	0.11002178438540511	0.22489569510545618	0.11112948771139594
1.1348400000000018	0.235253829463331	0.2036243306153581	0.305117523794572	0.20283796832063675
1.140720000000002	0.31064074502160277	0.2864895434453877	0.36954508946095455	0.2838437077723431
1.146600000000002	0.37011363370698674	0.3546474161761317	0.41511255661238855	0.3502683267604463
1.1524800000000022	0.4108817082735425	0.4048806399962747	0.4397148052297886	0.3989801152403601
1.1583600000000023	0.4310976735460636	0.4348759947569099	0.44230394738104983	0.42774118729330235
1.1642400000000024	0.42994062236763175	0.44333022812850514	0.4229326091220379	0.43530962286142294
1.1701200000000025	0.4076477518968067	0.43000561070886134	0.3827422686569228	0.4214919696696903
1.1760000000000026	0.365493772087804	0.39573285837514544	0.3238976811089463	0.38714394885985115
1.1818800000000027	0.3057194603358048	0.3423617094661415	0.2494710859932917	0.33411976303893864
1.1877600000000028	0.23141330512626462	0.27266200534557844	0.16328235396544372	0.265172919718698
1.193640000000003	0.146352455470344	0.19018052341362968	0.06970336428453724	0.18381383367838822
1.199520000000003	0.05481114191293209	0.09906093546224329	-0.02656338953393432	0.09413154485380328
1.2054000000000031	-0.038653734150868056	0.0038360096721130974	-0.12072077229384841	5.88584715919804E-4
1.2112800000000032	-0.12942910498999516	-0.090797540850025	-0.20811573329499553	-0.09220073618845778
1.2171600000000034	-0.2130730927944925	-0.18021039543105657	-0.2844689221534398	-0.17969762070910303
1.2230400000000035	-0.2855320285283145	-0.2600667699888146	-0.346083879779471	-0.2576604774302564
1.2289200000000036	-0.343336547035978	-0.32653433631125856	-0.39002559620019983	-0.3223502005577363
1.2348000000000037	-0.38376729044477936	-0.3764677695781346	-0.414259830342412	-0.37070911941355084
1.2406800000000038	-0.4049823265122865	-0.40755715168976964	-0.41774660395198737	-0.4005050723002022
1.2465600000000039	-0.4061003381094745	-0.41843425074661805	-0.40048360906660874	-0.4104338392899664
1.252440000000004	-0.3872358654570966	-0.4087318169223332	-0.3634977878915705	-0.4001752647917558
1.258320000000004	-0.3494852722672441	-0.37909337550521627	-0.30878592900444557	-0.3704007082193536
1.2642000000000042	-0.29486454167582354	-0.33113344262771727	-0.23920764576819414	-0.32273186493636874
1.2700800000000043	-0.22620236765715845	-0.26735051759048	-0.1583364370890783	-0.2596533813312297
1.2759600000000044	-0.1469941770598885	-0.19099749893313783	-0.07027656297530321	-0.18438393090350713
1.2818400000000045	-0.06122459140053461	-0.10591621831538985	0.0205449005892179	-0.10071241391035785
1.2877200000000046	0.02683267357819471	-0.01634448862829098	0.10960030880558753	-0.012807595744292043
1.2936000000000047	0.11282743881083343	0.07329465998692185	0.19248685570795182	0.0749892692903523
1.2994800000000049	0.19254765984288907	0.15861108944488944	0.26514393562169025	0.15837852856433574
1.305360000000005	0.26212542072686507	0.23546226753169563	0.32405174303457457	0.23331239310582472
1.311240000000005	0.3182242651525707	0.3001540995818939	0.36640141422872335	0.29619110373667346
1.3171200000000052	0.35819880881588745	0.3496181569826001	0.3902285053611375	0.34403551046201714
1.3230000000000053	0.38021901670090325	0.3815568168533363	0.3945034877549828	0.37462780895223013
1.3288800000000054	0.3833533310671842	0.39454946806258195	0.37917512517282365	0.38661380677945695
1.3347600000000055	0.3676069088068315	0.3881149013160572	0.34516496900491933	0.37956203189615095
1.3406400000000056	0.333913466231727	0.3627271866483211	0.29431364646667435	0.35397714905063543
1.3465200000000057	0.2840815237261147	0.31978464141573226	0.2292820025127132	0.3112674091689443
1.3524000000000058	0.22069807874639683	0.2615337922724505	0.15341237034991137	0.2536681106364281
1.358280000000006	0.1469948038862733	0.19095242295823006	0.07055717975047714	0.18412518952923349
1.364160000000006	0.06668366684552406	0.11159776979174153	-0.015116326815591274	0.10614497441180659
1.3700400000000061	-0.016229685128022427	0.027427583859110007	-0.0993353872394889	0.023617748191534338
1.3759200000000062	-0.09764541052680328	-0.057396955571905585	-0.17793452543549582	-0.059376021396980526
1.3818000000000064	-0.17357190884378593	-0.13871667666498863	-0.24706128511698916	-0.13876714628808268
1.3876800000000065	-0.24032122463653569	-0.21257807125165581	-0.3033647450328987	-0.21069694485502488
1.3935600000000066	-0.2946878692345224	-0.2754252133026892	-0.3441576065398342	-0.2717044909429102
1.3994400000000067	-0.334102405059895	-0.32427063752829877	-0.3675440309945782	-0.3188928133330484
1.4053200000000068	-0.35675245178000803	-0.3568369824320443	-0.372507167669399	-0.3500660807627463
1.411200000000007	-0.36166543771021975	-0.37166270085928943	-0.35895236216194865	-0.3638312954644776
1.417080000000007	-0.3487493492362856	-0.3681669554796577	-0.3277042665916924	-0.35965981084751697
1.422960000000007	-0.3187898283999715	-0.34667085529114733	-0.2804583740704656	-0.3379059960639357
1.4288400000000072	-0.273404129617733	-0.30837435046458406	-0.2196897562871346	-0.29978249167068133
1.4347200000000073	-0.21495456397024112	-0.2552902798233974	-0.1485238830045486	-0.24729363154775802
1.4406000000000074	-0.14642602983344055	-0.19013915124096775	-0.0705762429550788	-0.18313064219972688
1.4464800000000075	-0.07127395615483617	-0.11621012883076123	0.010231022130433615	-0.1105340726205461
1.4523600000000076	0.006749613504554242	-0.03719531084916181	0.08986618596931273	-0.03313046743288893
1.4582400000000078	0.08378305813904796	0.04299436779552988	0.16438882094931312	0.045248501004776336
1.4641200000000079	0.15604602802862327	0.12042244289619153	0.23014450052994573	0.12075543534005348
1.470000000000008	0.22002468644988332	0.19131989662905297	0.2839437140192486	0.18971580190663576
1.475880000000008	0.272642281004079	0.25226835435179173	0.32321624903481905	0.24880647450874221
1.4817600000000082	0.31140677917886955	0.3003646114779611	0.3461335857343412	0.29521557171986784
1.4876400000000083	0.33452850052214866	0.33335858640054983	0.35169349490606944	0.3267759148585259
1.4935200000000084	0.3410022130680004	0.3497581614296133	0.3397629545447378	0.34206579012448135
1.4994000000000085	0.33064995606161346	0.34889604868764235	0.3110775989835288	0.3404723527564425
1.5052800000000086	0.3041228141422704	0.3309557173203139	0.26719808541620005	0.3222148799767937
1.5111600000000087	0.2628619019873441	0.2969554473795462	0.21042589646433418	0.2883270695814923
1.5170400000000088	0.2090208223692954	0.24869163390084736	0.14368308878488256	0.2405995938194216
1.522920000000009	0.14535373632480003	0.18864445100176508	0.07036224897001954	0.18148605490299669
1.528800000000009	0.0750748405077418	0.11985080359245691	-0.005845655726494564	0.11397725487187498
1.5346800000000091	0.0016964041817612075	0.04575105587711107	-0.08113681106841787	0.04145020349632913
1.5405600000000093	-0.07114648753416818	-0.029982743137756368	-0.15178416098588843	-0.03250052841908006
1.5464400000000094	-0.13987575245331124	-0.10362857400365155	-0.21432164590185454	-0.10424070182940036
1.5523200000000095	-0.20114580971130175	-0.17159712125579385	-0.26571397977713584	-0.1702747572724706
1.5582000000000096	-0.2520061627434937	-0.2306064545683715	-0.3035036635243416	-0.22741587790007428
1.5640800000000097	-0.290043179549816	-0.2778402279951201	-0.32592812984873865	-0.2729395068169186
1.5699600000000098	-0.3134942726107276	-0.3110817852248233	-0.33200145455334606	-0.3047129373861682
1.57584000000001	-0.32132909561455936	-0.3288178009416576	-0.3215568726923328	-0.3212948289222753
1.58172000000001	-0.31329404176063597	-0.3303066323075255	-0.2952483130553567	-0.32200002476053496
1.5876000000000101	-0.2899181646645236	-0.31560832220291307	-0.254511211934242	-0.3069267879578764
1.5934800000000102	-0.25248055607678516	-0.28557509878442083	-0.20148488480845517	-0.2769454349076931
1.5993600000000103	-0.2029411099905356	-0.24180315984861642	-0.13890062265084613	-0.23364924652803068
1.6052400000000104	-0.14383838718735523	-0.1865484199042557	-0.06994134541425677	-0.179270377082676
1.6111200000000105	-0.07815988102613482	-0.1226106406707265	0.001919991889577935	-0.116565172463517
1.6170000000000107	-0.009191297942364222	-0.05319187779451375	0.07309505037293282	-0.04867477127541795
1.6228800000000108	0.059647557551798736	0.018263614249813057	0.14005904526596163	0.021031976341610317
1.6287600000000109	0.12497210877451587	0.08824002756622655	0.19952505977103324	0.08912542993347154
1.634640000000011	0.1835991718509038	0.15332275379436106	0.24860512648442196	0.1522836613805247
1.640520000000011	0.23270181400453252	0.2103647677411001	0.28495019524937454	0.20745427197653463
1.6464000000000112	0.26994538421358166	0.2566385460794756	0.306862218401561	0.25200165357236026
1.6522800000000113	0.2935981847151024	0.28996620009470625	0.3133730230764056	0.2838326022464903
1.6581600000000114	0.30261155416489	0.308821628212631	0.3042863315185868	0.30149431264262916
1.6640400000000115	0.29666568178393304	0.31239991491120966	0.2801811481993105	0.30424018394639435
1.6699200000000116	0.2761791883081389	0.30065084560536715	0.24237666348265763	0.2920604833754232
1.6758000000000117	0.24228230816804097	0.2742751899351988	0.19286073120902025	0.2656766591530465
1.6816800000000118	0.1967552989064849	0.23468424012822892	0.13418576745086613	0.2264998855987353
1.687560000000012	0.14193540033960503	0.18392488650551933	0.06933750203011238	0.17655617011385477
1.693440000000012	0.08059718474373273	0.12457418115695627	0.0015833162716387267	0.11838197025245605
1.6993200000000122	0.01581240721002204	0.05960880262973731	-0.06569214234917096	0.054895680546055765
1.7052000000000123	-0.04920357799043045	-0.00774398073364342	-0.1291558101686774	-0.010748514108988961
1.7110800000000124	-0.11125116807359545	-0.0741663991575632	-0.18569110988128318	-0.07531711229844108
1.7169600000000125	-0.16730374352090918	-0.13641339160902705	-0.23255075863099778	-0.1356563462244708
1.7228400000000126	-0.214655065781752	-0.1914709199167577	-0.26749000152686836	-0.18884599582101969
1.7287200000000127	-0.25104967445857096	-0.23670167433092895	-0.2888738229224124	-0.23234047636867236
1.7346000000000128	-0.27479001411409815	-0.2699711385671847	-0.29575303158614874	-0.26409039516640254
1.740480000000013	-0.2848152182257445	-0.2897480017075783	-0.28790570178753305	-0.2826387864199731
1.746360000000013	-0.2807479145747159	-0.29517420975442016	-0.265842199674994	-0.28718752228368666
1.7522400000000131	-0.2629070198138006	-0.286101474883666	-0.2307738451301345	-0.27763089651307177
1.7581200000000132	-0.23228618083990607	-0.2630927290327851	-0.18454706262456846	-0.2545550102949523
1.7640000000000133	-0.19049921306349676	-0.22738873750110636	-0.12954657117746154	-0.21920327639735487
1.7698800000000134	-0.13969549745551724	-0.1808417925733459	-0.06857267003735865	-0.1734100147643191
1.7757600000000135	-0.08244975077183095	-0.1258200035412023	-0.004698920027636819	-0.1195056591531822
1.7816400000000137	-0.0216318065105552	-0.06508711060389247	0.058882558905260785	-0.060198455548108744
1.7875200000000138	0.03973702027420444	-0.0016639083910500172	0.11902039852715074	0.0015613562391575983
1.7934000000000139	0.09863380678553163	0.06132178438002415	0.17275996148705755	0.06272807846085289
1.799280000000014	0.1521827111208569	0.12078916847170386	0.21748827933835208	0.12031054139663534
1.805160000000014	0.19779517284306558	0.173854944637774	0.2510608509971597	0.17151816376420953
1.8110400000000142	0.23329480166328703	0.21797289127698063	0.27190416136757317	0.21389596593349175
1.8169200000000143	0.2570209410527523	0.25105579339497996	0.27908903469519675	0.24544201499718413
1.8228000000000144	0.26790599314637564	0.2715738964902497	0.2723714240496234	0.2647016958377059
1.8286800000000145	0.26552292323610877	0.27862525621995315	0.25219888152412645	0.2708343843552646
1.8345600000000146	0.2501008590093351	0.27197476883216243	0.21968267048570833	0.2636494878518831
1.8404400000000147	0.22250828645616227	0.2520602273471619	0.17653718575162855	0.24361034344267785
1.8463200000000148	0.18420494224966036	0.2199653767468667	0.12498995546114883	0.21180605240021108
1.852200000000015	0.13716503271330802	0.17736155769306264	0.06766693069363519	0.16989289828091808
1.858080000000015	0.08377579753556716	0.1264210534929463	0.007458955956545103	0.12000847277683416
1.8639600000000152	0.02671661510502947	0.06970661522129228	-0.05262380133523133	0.06466294396274737
1.8698400000000153	-0.03117524048537432	0.010042769834838013	-0.10960214275693678	0.006612984148160839
1.8757200000000154	-0.08704547575239317	-0.04962463767153982	-0.16067535852899498	-0.05127532222211149
1.8816000000000155	-0.13816330284240508	-0.10637369363266998	-0.20335868045237526	-0.10616778325362095
1.8874800000000156	-0.18205470484069583	-0.15744930460371073	-0.23560393297253096	-0.1554006601065065
1.8933600000000157	-0.2166219482800174	-0.2003967478883779	-0.2558975360226446	-0.19660971916073675
1.8992400000000158	-0.24024358092825032	-0.2331794202145922	-0.2633311847801326	-0.2278435340130936
1.905120000000016	-0.2518501613231132	-0.2542751477671082	-0.2576419252013684	-0.24765561917917683
1.911000000000016	-0.2509722001946666	-0.2627465167525153	-0.23921988921850756	-0.255171059582309
1.9168800000000161	-0.2377581902982928	-0.2582819930315899	-0.209083571908725	-0.25012458545389565
1.9227600000000162	-0.212962090221742	-0.24120605624241764	-0.1688241438990558	-0.23286846647552864
1.9286400000000163	-0.1779011354132602	-0.21245810570463783	-0.12052181590426617	-0.20435009094049617
1.9345200000000164	-0.13438630169477003	-0.1735414266122462	-0.06663863375355172	-0.1660605817543935
1.9404000000000166	-0.08462907193022798	-0.1264449606119795	-0.009893215347092983	-0.11995720848993274
1.9462800000000167	-0.03112929119577516	-0.0735419341657159	0.046876208629449245	-0.06836361517907001
1.9521600000000168	0.02345021445226663	-0.017470498189774846	0.10085356057135711	-0.013852936553951676
1.9580400000000169	0.07641597738722081	0.038997628807686355	0.149384416990667	0.04088032880881939
1.963920000000017	0.1251766185138624	0.09309398344117306	0.19010634381085678	0.09315331835366163
1.969800000000017	0.1673694367606498	0.14218890114420318	0.2210636764079348	0.14042612292429063
1.9756800000000172	0.20097468376599995	0.1839191538034463	0.2408011790103196	0.1804250034066972
1.9815600000000173	0.22441200731783445	0.21630149567160242	0.24843211147118896	0.21125153887458523
1.9874400000000174	0.2366144706254562	0.23782667258191742	0.24367753765500766	0.23147247751194505
1.9933200000000175	0.23707669612396595	0.24752945074613378	0.22687516219266254	0.2401860505608715
1.9992000000000176	0.2258749842462738	0.2450314320900671	0.19895750790626726	0.23706169791974915
2.0050800000000177	0.2036586540730253	0.23055478216720654	0.16140076851431032	0.22235148191869072
2.0109600000000176	0.17161327450504343	0.20490643642248982	0.11614711481734365	0.19687286701432646
2.0168400000000175	0.13139783145858985	0.16943379979280357	0.06550452647629221	0.16196394842537318
2.0227200000000174	0.08505914122215295	0.1259543422828725	0.012029302780083434	0.11941355320526226
2.0286000000000173	0.034927911283028155	0.07666275179612508	-0.04160277742848273	0.0713698477999442
2.034480000000017	-0.0164982845705609	0.02402037455050822	-0.09273016257790122	0.020232108558049477
2.040360000000017	-0.06667925090438358	-0.029367497930404364	-0.13883742978276847	-0.031468902560397284
2.046240000000017	-0.11315746347854408	-0.08088038660230742	-0.17767885311591725	-0.08119600220216654
2.052120000000017	-0.15367823920899573	-0.1280110727894561	-0.20738757803570496	-0.12652991823874923
2.0580000000000167	-0.18629891619779732	-0.168487448682283	-0.22656510507849079	-0.16528680671656956
2.0638800000000166	-0.20948176678367594	-0.20038185746879603	-0.234346806192997	-0.1956232538160877
2.0697600000000165	-0.22216621113026208	-0.22220267113758538	-0.23044042109775809	-0.21612372419236803
2.0756400000000164	-0.223816954311729	-0.232963766779684	-0.21513584639637778	-0.2258663190460467
2.0815200000000162	-0.21444588248630914	-0.2322286800238306	-0.1892859680009334	-0.22446380433094956
2.087400000000016	-0.19460686260104695	-0.2201274806487384	-0.15425972577699354	-0.21207810627364582
2.093280000000016	-0.1653639299617694	-0.1973457671953203	-0.11186996688407785	-0.1894077861117216
2.099160000000016	-0.12823465276955115	-0.16508654765688807	-0.06427987379151458	-0.15764933359987177
2.105040000000016	-0.08511166849340614	-0.12500709480421074	-0.01389278455097983	-0.11843439424603615
2.1109200000000157	-0.03816643525087268	-0.07913407309192177	0.036768992938297905	-0.07374620638714835
2.1168000000000156	0.010259918026300063	-0.029761271144256526	0.08519027108810201	-0.025819515174844414
2.1226800000000154	0.05777316554613227	0.0206649098503889	0.12898768253463844	0.022970995800928137
2.1285600000000153	0.10204418669924592	0.06966650406427181	0.16602681586911938	0.07022819424647815
2.134440000000015	0.14092296897812928	0.11485558412877318	0.1945260392261125	0.11365010572390866
2.140320000000015	0.1725428402390491	0.15405046001776065	0.21314197135554527	0.15114187533395274
2.146200000000015	0.19540988631698672	0.1853808277344271	0.22103251158274198	0.18091664751902842
2.152080000000015	0.20847328117438946	0.20737680914395076	0.21789448681394605	0.20158051528698462
2.1579600000000148	0.21117323157797088	0.2190376545320862	0.2039742569875104	0.21219751104238235
2.1638400000000146	0.2034643670926352	0.21987690997745618	0.18005097532924763	0.2123316225264049
2.1697200000000145	0.18581363214191937	0.20994203030059744	0.1473935586457584	0.20206396797857723
2.1756000000000144	0.15917299889465214	0.1898076862641024	0.10769371824667323	0.1819844970175776
2.1814800000000143	0.124928555424826	0.16054330902626454	0.0629785701956952	0.15315883684481393
2.187360000000014	0.08482867240375128	0.12365667199668419	0.015507327557101637	0.11707211564872087
2.193240000000014	0.04089495775172507	0.08101646894873626	-0.032342670163296075	0.07555270749063958
2.199120000000014	-0.004679476081962312	0.03475785157487105	-0.0781948495094805	0.030679801831294984
2.205000000000014	-0.049639321711963155	-0.012824308291952448	-0.11979127970501302	-0.015320539474449966
2.2108800000000137	-0.09177852324325471	-0.05938910444383599	-0.15510369485328032	-0.0601856499719378
2.2167600000000136	-0.1290483602855687	-0.10266460605756283	-0.18243221115491046	-0.10172739703482862
2.2226400000000135	-0.15965688207094678	-0.14055854864093364	-0.20048694377108767	-0.13793873974838322
2.2285200000000134	-0.18215487421572232	-0.17125932102364017	-0.20844861561506853	-0.167090525036379
2.2344000000000133	-0.19550424366452265	-0.1933223825150389	-0.20600532453785728	-0.18781386232027825
2.240280000000013	-0.19912560677989186	-0.20573799764630893	-0.19336384127185174	-0.19916416238404064
2.246160000000013	-0.1929229155038181	-0.20797712443661426	-0.17123508720998842	-0.20066385700311093
2.252040000000013	-0.17728410410711573	-0.20001338782582578	-0.1407947247174264	-0.1923218851326751
2.257920000000013	-0.15305792699434403	-0.18232025793966805	-0.10362101947114985	-0.1746291855063417
2.2638000000000127	-0.12150832757876488	-0.1558437742644465	-0.061613243915657374	-0.14853061713339646
2.2696800000000126	-0.08424877201769922	-0.12195235152264243	-0.01689482923605018	-0.11537488028985667
2.2755600000000125	-0.04315994644800426	-0.08236631277151651	0.028293804850196586	-0.0768450750463033
2.2814400000000123	-2.950059180481644E-4	-0.03907076634685959	0.07170734172246586	-0.0348734607490498
2.2873200000000122	0.04222285987724014	0.005783770676718549	0.11120698045435333	0.008455276051115772
2.293200000000012	0.08230544126807832	0.049988035817258206	0.14486564867010193	0.05100741086885412
2.299080000000012	0.1180019170313136	0.09138268842854765	0.1710618478775568	0.0907051077478365
2.304960000000012	0.14759364183839488	0.1279636430737796	0.1885575698514659	0.12562773044454167
2.3108400000000118	0.1696767151268263	0.15797893818560355	0.1965565502663097	0.15410460604561604
2.3167200000000117	0.18322837351566468	0.1800124656669536	0.19474013180036714	0.1747947686754869
2.3226000000000115	0.1876540778714875	0.19305056875053728	0.18327914198435546	0.18674988611574628
2.3284800000000114	0.1828131420112661	0.1965283870400853	0.1628213939022367	0.18945742767231538
2.3343600000000113	0.1690218235673415	0.1903538449670038	0.13445563023167084	0.1828621240762351
2.340240000000011	0.1470339151140397	0.17490829190242635	0.09965389282206355	0.1673648498305394
2.346120000000011	0.11799997992876184	0.15102395363751706	0.060195353842725625	0.14379917160636668
2.352000000000011	0.08340741741861345	0.11993948917419887	0.018075539107221365	0.1133868982381547
2.357880000000011	0.045004467658061355	0.08323600835270555	-0.024594433570264432	0.0776749852612297
2.3637600000000107	0.004712028169219387	0.042756843390662796	-0.06569352087771317	0.03845704056397312
2.3696400000000106	-0.035472277170054946	5.151360244794296E-4	-0.10319604375003318	-0.0023165951462698147
2.3755200000000105	-0.07357299359720634	-0.041406134628719934	-0.13527138086669652	-0.04263569296359478
2.3814000000000104	-0.10773380637715947	-0.08095672604328542	-0.16037316692763826	-0.08052910382110871
2.3872800000000103	-0.13630783411260314	-0.11621926380207594	-0.17731365761034415	-0.11416098443026845
2.39316000000001	-0.157936859924822	-0.14550204725219656	-0.1853196945540366	-0.1419195906219819
2.39904000000001	-0.17161569702668023	-0.16742004459800913	-0.1840676457282852	-0.16249435089577174
2.40492000000001	-0.17673864842192546	-0.18096020778579722	-0.173695760994627	-0.1749375429156726
2.41080000000001	-0.17312592676757543	-0.18552803705199886	-0.15479351575487169	-0.1787076806453937
2.4166800000000097	-0.1610289040474677	-0.18097326832473043	-0.1283686605308401	-0.17369263987697303
2.4225600000000096	-0.1411141114440856	-0.16759359641588065	-0.09579379424781714	-0.16021155887935484
2.4284400000000095	-0.11442695558694259	-0.14611643141332636	-0.05873527970963564	-0.13899559860964564
2.4343200000000094	-0.08233710680616804	-0.11765976140774474	-0.019068172435484886	-0.11114868174595087
2.4402000000000093	-0.04646839994104659	-0.08367420905990548	0.02121850239998755	-0.07809030113605953
2.446080000000009	-0.00861682600418782	-0.045869273360999434	0.06012134708005938	-0.041483349063000295
2.451960000000009	0.0293392514602938	-0.006127497903968365	0.09572208220318763	-0.0031506277661773555
2.457840000000009	0.06553217394744545	0.03358913239829265	0.1262819972069626	0.03501577453581486
2.463720000000009	0.09819675391230907	0.07133591884535262	0.15032671707415826	0.07114774340579831
2.4696000000000087	0.12575622682253645	0.10528053846545293	0.16671716026516903	0.10349244353938981
2.4754800000000086	0.14689821104342532	0.13379185243104405	0.17470328179151812	0.13049721364358258
2.4813600000000084	0.160637023942095	0.15551813586592173	0.17395807725180762	0.15088394605736016
2.4872400000000083	0.16635940443646138	0.16945098473202944	0.16459032350913197	0.16370939573410356
2.493120000000008	0.16385153321075124	0.17497188751017562	0.1471355989324793	0.1684085821680047
2.499000000000008	0.15330617943632777	0.1718793229351439	0.12252620726229478	0.16481929973149304
2.504880000000008	0.13530979014513972	0.16039521617675703	0.09204167045124773	0.15318669385802605
2.510760000000008	0.11081032642562866	0.14115060622002792	0.05724240595289381	0.13414784566058222
2.5166400000000078	0.08106759074793309	0.1151513964201239	0.01989001650521404	0.10869728730360655
2.5225200000000076	0.04758863614230922	0.08372602838995821	-0.018141743691117915	0.07813529680044111
2.5284000000000075	0.01205155981345319	0.04845778952605169	-0.054960833454553326	0.0440016489602204
2.5342800000000074	-0.023778472802117312	0.011105194783367474	-0.08875092416217042	0.007998189219614035
2.5401600000000073	-0.058136777844476246	-0.026485560846251283	-0.11786087066559117	-0.028095883578425514
2.546040000000007	-0.08934594063391718	-0.0624717271064183	-0.14088525288881068	-0.06251181476523383
2.551920000000007	-0.11589757906298434	-0.095104208890091	-0.15673206652069416	-0.0935778454289591
2.557800000000007	-0.13652510382549954	-0.12281245221618994	-0.16467431090039608	-0.11980028886366005
2.563680000000007	-0.15026397289389895	-0.14427989251283788	-0.16438304767245698	-0.13993520631411616
2.5695600000000067	-0.1564965822668639	-0.15850634776911046	-0.15594044283304248	-0.15304724975703565
2.5754400000000066	-0.1549797147450057	-0.16485440802215084	-0.13983230988710124	-0.15855289676695158
2.5813200000000065	-0.14585334386400933	-0.16307768046609605	-0.11692069258991479	-0.15624609024983738
2.5872000000000064	-0.12963051726240798	-0.15332965550821365	-0.0883980113953484	-0.1463051743129459
2.5930800000000063	-0.10716897664879883	-0.13615291818393715	-0.05572519967560833	-0.12928094298544407
2.598960000000006	-0.0796260642306013	-0.11244939407602919	-0.02055702996373069	-0.10606654518717476
2.604840000000006	-0.04839927440728832	-0.08343324197514268	0.015341560450102737	-0.07785087186028586
2.610720000000006	-0.01505549563613216	-0.05056884210696463	0.050183920117656704	-0.046057846671503144
2.616600000000006	0.018747482060335684	-0.015497038575463716	0.08225048361241755	-0.012274711923908943
2.6224800000000057	0.05134326824102034	0.020046655989934114	0.10997351374331213	0.021827085496051342
2.6283600000000056	0.08113890193860462	0.054317822330732034	0.1320136157901693	0.05457447099169132
2.6342400000000055	0.10669257814575943	0.0856486308219947	0.14732429617077186	0.08437470811881774
2.6401200000000054	0.12678328440887182	0.11252888756365434	0.15520146162871234	0.10979274361350408
2.6460000000000052	0.14046899086515538	0.1336786979276388	0.15531552754136557	0.1296201816443127
2.651880000000005	0.14713062834482027	0.14810925785565868	0.1477246857459392	0.14293257874174323
2.657760000000005	0.1464998114664254	0.15516889313703996	0.13286882873085704	0.149132350621635
2.663640000000005	0.1386690803505226	0.15457221286045986	0.11154459066210451	0.14797530955060784
2.669520000000005	0.12408430470075874	0.1464110875851739	0.08486289857072142	0.13957966930077242
2.6754000000000047	0.10351977430712095	0.13114706336371887	0.05419128309980583	0.12441722325926527
2.6812800000000045	0.07803734713143227	0.10958573500767982	0.021083935665786285	0.1032872769337751
2.6871600000000044	0.04893179865777122	0.08283448115248264	-0.012796917874437048	0.0772747559750239
2.6930400000000043	0.017665176764706268	0.052245766964872375	-0.045764355602914364	0.047694674080727646
2.698920000000004	-0.014206516542296564	0.019348909032043886	-0.07619063745612399	0.01602579500793934
2.704800000000004	-0.045110645832184396	-0.014226261713070983	-0.10258745772185766	-0.01616317148186699
2.710680000000004	-0.07353542879126611	-0.046830034542045124	-0.12367862124689377	-0.04729116214717727
2.716560000000004	-0.09810377622247797	-0.0768737671551017	-0.13846160077938208	-0.07584230885418562
2.7224400000000037	-0.117639884621071	-0.10290718101641096	-0.14625501352533354	-0.10043964503138136
2.7283200000000036	-0.13122536726859707	-0.12368824857628188	-0.14672977779567228	-0.11991139176494438
2.7342000000000035	-0.1382422514214369	-0.13824231065665307	-0.13992253853765876	-0.13334663871174635
2.7400800000000034	-0.1384008376722007	-0.14590761717894687	-0.12623084165114143	-0.14013778112106504
2.7459600000000033	-0.13175117898331568	-0.14636517222394216	-0.10639044656559796	-0.14000774505428085
2.751840000000003	-0.11867775299955168	-0.13965155036250373	-0.08143604932956912	-0.13302079447300647
2.757720000000003	-0.09987773144057426	-0.12615419599316122	-0.052647500872804814	-0.11957652816653053
2.763600000000003	-0.07632405370594009	-0.10658957921678808	-0.021484307424840664	-0.10038750118114564
2.769480000000003	-0.0492152490099786	-0.08196541822925511	0.010488241619451354	-0.07644170389940914
2.7753600000000027	-0.019914586704058965	-0.053528948566716264	0.04167758531520796	-0.048951863320395056
2.7812400000000026	0.010118362449718312	-0.02270388661214188	0.07054310976756761	-0.019294160147239326
2.7871200000000025	0.039400324044962666	0.00898073325531411	0.09567213849606547	0.011060547960997914
2.7930000000000024	0.06649747121046347	0.039966296559476616	0.11584895183660607	0.04061956539572103
2.7988800000000023	0.09009552677230395	0.06874117538851476	0.13011346921134306	0.06794165800884133
2.804760000000002	0.10906339431472903	0.09391436760384671	0.1378067685257892	0.09170721864878764
2.810640000000002	0.12250724318791044	0.11428262647486945	0.13860129309911504	0.11078188811685967
2.816520000000002	0.12981246794857967	0.1288878467009441	0.13251437374336072	0.1242705699415732
2.822400000000002	0.1306715608451954	0.1370619763861857	0.11990453249776054	0.13155927351814242
2.8282800000000017	0.12509664533695275	0.13845735772382045	0.10145089297755665	0.1323428378232694
2.8341600000000016	0.11341618360677015	0.13306112985770543	0.07811685757062166	0.1266372958203762
2.8400400000000015	0.09625615350023313	0.12119311903849092	0.05109998256925251	0.11477640238720185
2.8459200000000013	0.07450675166373501	0.10348745451546673	0.02177065105253772	0.09739262830762205
2.8518000000000012	0.04927638259927161	0.08085894359694713	-0.00839732239358806	0.07538368123793171
2.857680000000001	0.02183530382052524	0.054455977191753054	-0.03790064661120581	0.04986631461601919
2.863560000000001	-0.006448213959239263	0.02560238224567254	-0.06528136264121516	0.022119793426631413
2.869440000000001	-0.034176008663349265	-0.004268841021377629	-0.08919878863860958	-0.006478127441179424
2.8753200000000008	-0.05998904418514351	-0.03368658581512172	-0.1084950558710507	-0.03451951364016603
2.8812000000000006	-0.08263392121574839	-0.061213989990720946	-0.12225103779234357	-0.060635468687543576
2.8870800000000005	-0.10102363153701416	-0.08551851828441549	-0.12982997700855134	-0.08356286010477802
2.8929600000000004	-0.11428961628689045	-0.10543636222661817	-0.13090674733157523	-0.10220530676493667
2.8988400000000003	-0.1218226411932615	-0.12002805060164896	-0.12548141761033318	-0.11568548810707248
2.90472	-0.1233005727612855	-0.12862261916023807	-0.11387657365995407	-0.12338628554533507
2.9106	-0.11870179980628953	-0.13084827023432746	-0.09671866471278331	-0.12497883425897634
2.91648	-0.10830376131447644	-0.12664813142018352	-0.07490443104028847	-0.12043622079415327
2.92236	-0.09266677866943607	-0.11628046356851365	-0.0495542007088543	-0.11003227559778418
2.9282399999999997	-0.07260411138079673	-0.10030343514728426	-0.0219544800448249	-0.09432564430699301
2.9341199999999996	-0.049139825261452275	-0.07954533486236748	0.006507226503397547	-0.07413004117103507
2.9399999999999995	-0.02345664801131755	-0.055061800368109204	0.034412070125872725	-0.05047225726689515
2.9458799999999994	0.0031635387361665266	-0.028082263804446665	0.06038049326997386	-0.02454008282194099
2.9517599999999993	0.0294035820368692	5.1675064495002806E-5	0.08314033537006484	0.00237722106779224
2.957639999999999	0.053976136115173795	0.02795286421608171	0.10158905131153195	0.028952923125672193
2.963519999999999	0.07568672588593116	0.05425690029561977	0.11484700488684535	0.05388812263101815
2.969399999999999	0.09349171089086485	0.07768875664685478	0.1222992671848172	0.07597514070215147
2.975279999999999	0.10654834185193425	0.09712448939287156	0.12362394117132877	0.0941559130016404
2.9811599999999987	0.11425451463444283	0.11164504012618644	0.11880571832311124	0.10757256542489155
2.9870399999999986	0.11627635332500436	0.12057956518915261	0.10813411634069775	0.11560776080999943
2.9929199999999985	0.11256236848459814	0.12353625543407301	0.09218661134827318	0.11791292592870135
2.9987999999999984	0.10334360748168309	0.12041923959909742	0.07179762549742902	0.11442307749440957
3.0046799999999982	0.08911990767432562	0.11143085742701266	0.04801502458955757	0.10535763306145537
3.010559999999998	0.07063304577334459	0.09705931093235554	0.0220463862515453	0.09120728432909653
3.016439999999998	0.04882821450572084	0.07805241817860681	-0.004802211991370587	0.07270769242095833
3.022319999999998	0.024805819718652554	0.05537886855325289	-0.0311917869859688	0.05080140385636123
3.028199999999998	-2.3394968285588979E-4	0.030178979126319182	-0.05581713691015848	0.02658995121606535
3.0340799999999977	-0.025050991808421446	0.0037074494423675166	-0.07747130412342271	0.0012785668597551049
3.0399599999999976	-0.048426619848069015	-0.022729016506891967	-0.09510463471144553	-0.023883720425155495
3.0458399999999974	-0.06922331956144717	-0.047836124505380544	-0.10787554969103524	-0.04766563297535277
3.0517199999999973	-0.08644001041278294	-0.070395269534895	-0.11519057768890135	-0.06891380746568916
3.057599999999997	-0.0992601303962594	-0.08932259091969905	-0.11673175171305195	-0.08660863838924858
3.063479999999997	-0.10709024015231546	-0.10372094585831164	-0.112470115008099	-0.09991310255488516
3.069359999999997	-0.10958732769947302	-0.11292231417203825	-0.10266478032592541	-0.10821223174338547
3.075239999999997	-0.10667356618022114	-0.11651863603099216	-0.08784770809371964	-0.11114137825878935
3.0811199999999968	-0.09853790463639396	-0.11437966720146857	-0.06879507597238926	-0.10860198258818046
3.0869999999999966	-0.08562452464459862	-0.10665708368696533	-0.04648677021691548	-0.10076417536495148
3.0928799999999965	-0.0686088413359069	-0.09377474728135175	-0.022056105845970387	-0.08805619631217734
3.0987599999999964	-0.04836233419942692	-0.07640572197026765	0.003267650030387915	-0.07114125873178452
3.1046399999999963	-0.025908031606282092	-0.05543727509405383	0.028221041571406626	-0.0508830978024421
3.110519999999996	-0.0023689172787861533	-0.031925675468941116	0.05156937540797744	-0.02830198489250688
3.116399999999996	0.021088144086992153	-0.007043085472164218	0.07216772740781155	-0.004523442189866135
3.122279999999996	0.04331016636613168	0.017980787544845354	0.08901699493500613	0.019277769178445824
3.128159999999996	0.06321463173997399	0.04191938032842413	0.10131225504635738	0.04193560436937882
3.1340399999999957	0.07984213726137285	0.06360931221273831	0.10848109324037705	0.06234977831215285
3.1399199999999956	0.09240254221964339	0.0820068382953829	0.11021008406418546	0.07953911092584827
3.1457999999999955	0.10031240148326737	0.09623798215193197	0.10645820753402074	0.09268859199175931
3.1516799999999954	0.10322191725927184	0.10563994483444664	0.09745664333730236	0.1011879128348788
3.1575599999999953	0.10103017212940107	0.1097918337609308	0.08369506506392085	0.10465964879494519
3.163439999999995	0.09388799301578021	0.10853329411168543	0.06589522533527659	0.10297579859377078
3.169319999999995	0.0821884095572484	0.10197022935539739	0.04497324659248085	0.09626196784313282
3.175199999999995	0.06654528082420544	0.09046743642280675	0.021992580891569347	0.08488909512689367
3.181079999999995	0.0477612413698666	0.0746286232570523	-0.0018899512580749789	0.06945323014295259
3.1869599999999947	0.026786633209021516	0.0552648905213832	-0.02548230950420813	0.05074445437505992
3.1928399999999946	0.004671519592134521	0.03335331529746214	-0.04761665097964717	0.029706557474635322
3.1987199999999945	-0.01748680098190624	0.009987745905947814	-0.06720705869106888	0.0073895218520122
3.2045999999999943	-0.03859816116190177	-0.013675718860288993	-0.0833027314130365	-0.015102796916626674
3.2104799999999942	-0.05763308180885524	-0.03647585273704425	-0.09513403408723119	-0.03666719090880253
3.216359999999994	-0.07367289248251839	-0.05730320864361143	-0.10214918325312547	-0.05625513289448086
3.222239999999994	-0.08595397928523166	-0.07515402407014439	-0.104039824862053	-0.07292367897278204
3.228119999999994	-0.09390403337914324	-0.08917851003570243	-0.10075432712013976	-0.08588077362699008
3.2339999999999938	-0.097168584859713	-0.09872120488878981	-0.09249823004886712	-0.09452278484218563
3.2398799999999937	-0.09562659892885736	-0.10335148177717023	-0.07972193509723621	-0.09846249569618562
3.2457599999999935	-0.08939445957217118	-0.10288279642293668	-0.06309635037377881	-0.09754626114097936
3.2516399999999934	-0.07881824276909964	-0.09737982478622144	-0.043477798607295094	-0.09185958021491139
3.2575199999999933	-0.06445475804208368	-0.0871532401862481	-0.021864016785257616	-0.08172090764463899
3.263399999999993	-0.0470423855135893	-0.07274248678758567	6.564967527655195E-4	-0.06766410633866672
3.269279999999993	-0.027463228858350067	-0.05488749125117355	0.022959220562663803	-0.05041049531920878
3.275159999999993	-0.006698518819528973	-0.03449078833576873	0.04393968495366973	-0.03083194930136819
3.281039999999993	0.014220482407712256	-0.012571993583435184	0.0625680910350002	-0.009906932265065413
3.2869199999999927	0.034263623325159864	0.009783084836433382	0.07793977670794613	0.011328322265990355
3.2927999999999926	0.05245251924794823	0.031476159288193556	0.08931906054436523	0.03183105230396157
3.2986799999999925	0.0679082350909308	0.05145034741129344	0.0961743432704377	0.050603099638100765
3.3045599999999924	0.07989367474492012	0.06874158832772917	0.09820279765413426	0.06673942953632028
3.3104399999999923	0.08784863687700062	0.08252509268837735	0.09534350776023678	0.07947168311900417
3.316319999999992	0.09141587488279992	0.09215459255951988	0.08777850084018854	0.08820467062902418
3.322199999999992	0.09045695517938845	0.0971925280200201	0.07592172025326027	0.0925440770955111
3.328079999999992	0.0850572199427062	0.09742976641050591	0.060396585567112276	0.09231409679100147
3.333959999999992	0.07551970211800924	0.0928939742463306	0.042003346770780395	0.08756421693680733
3.3398399999999917	0.06234838517093049	0.08384632468064963	0.02167793583937254	0.07856490913479698
3.3457199999999916	0.046221720789029176	0.07076679720143572	4.444266298429013E-4	0.06579253235713277
3.3515999999999915	0.02795778917930622	0.05432888277868786	-0.020636486235195997	0.049904277234483894
3.3574799999999914	0.008472885965599728	0.0353650198336201	-0.0405204011993929	0.03170446224989235
3.3633599999999912	-0.011264372062420319	0.014824529463368404	-0.05823088023066661	0.012103905092257233
3.369239999999991	-0.03028112735162601	-0.006273828808403948	-0.07290732317080625	-0.007925582791703537
3.375119999999991	-0.04764816498089528	-0.026892313412632617	-0.0838467025326135	-0.027399308659168786
3.380999999999991	-0.0625252456836372	-0.046025173774579334	-0.09053713910926173	-0.045368039445694265
3.386879999999991	-0.07420168041685148	-0.06274763965888866	-0.09268172008408378	-0.060964201454072074
3.3927599999999907	-0.0821301910551996	-0.07626054406760492	-0.0902114584667966	-0.07344369366871029
3.3986399999999906	-0.08595244848891576	-0.08592843025960507	-0.08328684035161574	-0.08222130324433695
3.4045199999999904	-0.08551510230119569	-0.09130933012811006	-0.07228797711266424	-0.08689804192805844
3.4103999999999903	-0.08087559385207217	-0.09217482385635362	-0.0577939447298514	-0.08727913197419375
3.41627999999999	-0.07229755304772563	-0.08851947806764997	-0.040552423990553144	-0.08338183876273385
3.42215999999999	-0.06023609305990255	-0.08055928720362383	-0.021441227248626356	-0.07543285138660351
3.42803999999999	-0.045313811453812025	-0.06871928444183659	-0.0014236868238565598	-0.06385542694381661
3.43391999999999	-0.028288756445784796	-0.05361101746561752	0.018499831644417035	-0.04924701387067772
3.4397999999999898	-0.010016001569603557	-0.036001075022543294	0.0373418539807588	-0.032348530033851436
3.4456799999999896	0.008595227476528905	-0.016772278742140375	0.05417667219390354	-0.014006870239573333
3.4515599999999895	0.02662672767182162	0.0031204993490196037	0.06818575348373916	0.0048674637098565544
3.4574399999999894	0.04319655397354085	0.02269768604183313	0.07869745965959342	0.023345494205477987
3.4633199999999893	0.0575020897786851	0.041003178307054536	0.08521915360058514	0.04052542650769077
3.469199999999989	0.06885885249255026	0.05715097114928522	0.087460162826446	0.055576593996663703
3.475079999999989	0.07673316162324115	0.0703679712392537	0.08534453633668226	0.06777955175857335
3.480959999999989	0.08076711447386928	0.08003093097287955	0.07901304590068552	0.07656038682115321
3.486839999999989	0.08079470595267496	0.08569574242622534	0.0688144209926503	0.08151761279627652
3.4927199999999887	0.07684837439068667	0.08711771921407227	0.05528634068739103	0.0824403935788322
3.4985999999999886	0.06915573218753328	0.08426194680489509	0.03912720960479598	0.079317275980949
3.5044799999999885	0.05812672487573089	0.07730327571177885	0.021160193673229837	0.07233508294180162
3.5103599999999884	0.04433193089384058	0.06661604264476474	0.002291363273215004	0.06186810383192495
3.5162399999999883	0.02847314407302086	0.05275410703069308	-0.016535931586997826	0.04845819250662637
3.522119999999988	0.011347750764102498	0.036422259751725305	-0.0343881599881727	0.03278682402098385
3.527999999999988	-0.006191294025979198	0.018440474803883455	-0.05038783439351392	0.0156405460172565
3.533879999999988	-0.023277885888196622	-2.9718697896400503E-4	-0.06375657489070334	-0.0021284276674978517
3.539759999999988	-0.03907547916234421	-0.01886696590861954	-0.0738529032983005	-0.01964451029506573
3.5456399999999877	-0.05281798105178688	-0.03636088253922526	-0.08020293581678792	-0.03605182661927918
3.5515199999999876	-0.06384683572704178	-0.051931071858840515	-0.08252251021352298	-0.05055597135766762
3.5573999999999875	-0.07164250666617938	-0.06483081092041589	-0.08072972043674778	-0.062462407376580084
3.5632799999999873	-0.07584885610325622	-0.07445025786611305	-0.0749473158127569	-0.07120965083887662
3.5691599999999872	-0.07628928245704197	-0.08034519549849461	-0.06549492918262556	-0.0763956614115328
3.575039999999987	-0.07297389158493763	-0.08225742908318964	-0.05287160313357329	-0.07779620169951859
3.580919999999987	-0.06609742479494639	-0.08012590780554153	-0.037729560855800134	-0.07537433378139163
3.586799999999987	-0.056028123492018723	-0.07408810117687822	-0.020840594655209967	-0.06928066181414333
3.5926799999999868	-0.043288154577263684	-0.06447164273191308	-0.003056800039018797	-0.059844386231233074
3.5985599999999867	-0.028526630517575778	-0.05177672986391029	0.014732350449269106	-0.04755568458555982
3.6044399999999865	-0.012486613494745271	-0.036650217311560436	0.031644434314727896	-0.03304035462795988
3.6103199999999864	0.004032222798773884	-0.019852740897780087	0.046847791096227914	-0.017028026404809514
3.6161999999999863	0.02021340069946613	-0.002220538488530571	0.059602356929185814	-3.155542362106852E-4
3.622079999999986	0.035263936781222374	0.01537611882639194	0.06929561987371664	0.016272577934339456
3.627959999999986	0.048453144624707824	0.03207582198686787	0.07547195268057941	0.031924873370620915
3.633839999999986	0.05914804634284317	0.047068134235966744	0.07785392249848715	0.045882463469303476
3.639719999999986	0.06684367983957519	0.0596328607168997	0.07635458650532558	0.057475839211497515
3.6455999999999857	0.07118685427007646	0.06917457762513414	0.07108023771342903	0.06615689826002229
3.6514799999999856	0.07199224061526868	0.07525076883046737	0.06232354329648804	0.07152477712254365
3.6573599999999855	0.06925007065160654	0.07759224444197228	0.05054749481052403	0.07334425503000198
3.6632399999999854	0.06312513644782643	0.07611490458505767	0.03636104198107082	0.07155589018903093
3.6691199999999853	0.053947212979698914	0.07092234314596685	0.02048768707161331	0.06627746106129591
3.674999999999985	0.04219344725271122	0.06229923893587027	0.003728655514818102	0.05779671480341503
3.680879999999985	0.02846364784657009	0.050695933292378696	-0.013077485772006743	0.04655585078479739
3.686759999999985	0.013449750092871677	0.03670502146711222	-0.029096730155637428	0.033128568362138656
3.692639999999985	-0.002098992202402952	0.0210311694588821	-0.043540962223604956	0.018190865378549248
3.6985199999999847	-0.017413340483047095	0.004455689783767389	-0.05570667248432747	0.002487070039084919
3.7043999999999846	-0.031742073142186945	-0.01220234622278357	-0.06500915701992359	-0.013207190104042274
3.7102799999999845	-0.04438878054179991	-0.028126526918330064	-0.0710105428538471	-0.0281232425450952
3.7161599999999844	-0.054745653857874575	-0.04254305787839019	-0.07344029969958142	-0.04153696354819644
3.7220399999999842	-0.062322631287732945	-0.05475830550525452	-0.07220728246329945	-0.05280387527273128
3.727919999999984	-0.06677050729710024	-0.06419210798103299	-0.06740277682523049	-0.06139004802114472
3.733799999999984	-0.06789691925935239	-0.07040525697913644	-0.059294470830282026	-0.06689732901309224
3.739679999999984	-0.06567448530533816	-0.07311985206839165	-0.048311726140942944	-0.06908170936194533
3.745559999999984	-0.06024075935136122	-0.07223158938687035	-0.035022951086924416	-0.06786398698138033
3.7514399999999837	-0.05189007454271948	-0.06781344881656876	-0.02010626281574262	-0.06333226756380846
3.7573199999999836	-0.041057744697752745	-0.060110669485571346	-0.004314948957531501	-0.05573624939822466
3.7631999999999834	-0.02829746522928357	-0.0495273309323299	0.011560515250646563	-0.04547364070105183
3.7690799999999833	-0.014253082389219568	-0.03660526573667542	0.026731982021685856	-0.03306944059024206
3.774959999999983	3.7383319735086195E-4	-0.02199639900736254	0.04045270562659733	-0.019149158277435192
3.780839999999983	0.014858978499445537	-0.006429923036106646	0.052054041995620914	-0.00440733298873912
3.786719999999983	0.028491132913316855	0.009324043176650306	0.060977972470506264	0.010427064087950447
3.792599999999983	0.04060702755510034	0.024492501184342954	0.06680387280838394	0.02462662503068393
3.7984799999999828	0.050623562028015795	0.03833745002233287	0.06926824697109632	0.0375011227441632
3.8043599999999826	0.05806580653627886	0.050191739380128976	0.06827650472650984	0.048431009356802404
3.8102399999999825	0.06258944768251797	0.059491159865352944	0.06390626430641545	0.05689717232793068
3.8161199999999824	0.06399662087684471	0.06580122970628306	0.05640208600689025	0.06250552202467674
3.8219999999999823	0.062244406465927875	0.06883740955980679	0.04616196843393513	0.06500524962858299
3.827879999999982	0.057445633605332544	0.06847780929289263	0.0337163449587555	0.06429991399107714
3.833759999999982	0.04986201722606151	0.0647678259305123	0.019700683885775186	0.06045087435467448
3.839639999999982	0.03989003031042771	0.0579165516789465	0.004823104029410937	0.053672964820302746
3.845519999999982	0.028040267595600625	0.04828519526709828	-0.01017134696927073	0.04432268733479095
3.8513999999999817	0.014911370553226552	0.036368148962002696	-0.02453795226885498	0.03287956412287952
3.8572799999999816	0.001159841959253307	0.02276768857799938	-0.03756926259352323	0.019921620197961707
3.8631599999999815	-0.012532730676333571	0.008163597509094346	-0.04862988065455032	0.006096245993063202
3.8690399999999814	-0.02549340892694061	-0.006720756182254018	-0.057187385551067935	-0.007912094007151708
3.8749199999999813	-0.037090927323752604	-0.02115419940658819	-0.06283789498402552	-0.021415698521951954
3.880799999999981	-0.04676638907713409	-0.03443362311357924	-0.06532504144774832	-0.033757342235672894
3.886679999999981	-0.054060143589908134	-0.04591818355999156	-0.06455147530951788	-0.04434221375288954
3.892559999999981	-0.05863355606586054	-0.0550601746072322	-0.06058238566543266	-0.052666529176057686
3.898439999999981	-0.0602846416157756	-0.06143108648765271	-0.05364092998284613	-0.058341447533976847
3.9043199999999807	-0.05895684669123467	-0.06474161434322169	-0.044095865776918874	-0.06111115591031832
3.9101999999999806	-0.05474060375798738	-0.06485468623680128	-0.032442061952069806	-0.060864287177398786
3.9160799999999805	-0.047867643706859406	-0.061790929781978435	-0.019274915049013366	-0.05763816683165961
3.9219599999999804	-0.038698406823919104	-0.05572637156775945	-0.005259989534913261	-0.0516157408912858
3.9278399999999802	-0.02770322969715849	-0.04698254559502155	0.008900572678143221	-0.043115396558407425
3.93371999999998	-0.015438285838342527	-0.036009557226714124	0.022503180757026793	-0.03257423371132263
3.93959999999998	-0.0025175075764118423	-0.023362989646927575	0.034877706416733156	-0.02052566142221693
3.94547999999998	0.010418095924788581	-0.009675834095099513	0.045420448439402156	-0.007572464360720998
3.9513599999999798	0.022732193541297244	0.0043731408412800545	0.053623531148486225	0.005643303734189088
3.9572399999999797	0.033824389120074363	0.01809300279571683	0.0590993079432109	0.01847209826427465
3.9631199999999795	0.043159447370839106	0.030814589787352083	0.06159860051008851	0.03028876308806779
3.9689999999999794	0.05029306844726506	0.04192310061789566	0.061021919709253095	0.040522948551932524
3.9748799999999793	0.05489297267096783	0.050887756560654876	0.05742316928072087	0.048686590492498925
3.980759999999979	0.05675429795855521	0.057287105788412854	0.05100571048623863	0.054397128790372846
3.986639999999979	0.055808600641646375	0.06082876704972259	0.04211104571815675	0.057395363798109986
3.992519999999979	0.0521260709545915	0.061362691258666294	0.03120074309892644	0.05755712083388617
3.998399999999979	0.045910911463683236	0.05888734462707602	0.01883255423958067	0.054898203173139426
4.004279999999979	0.037490163412009135	0.053548568476991736	0.005631957525443548	0.04957244706618577
4.0101599999999795	0.027296585798484232	0.045631231494312724	-0.007739423935381653	0.04186303175323277
4.01603999999998	0.01584647940944834	0.03554414218805058	-0.02061693746085564	0.0321675265592076
4.02191999999998	0.003713589115136028	0.023799015536409517	-0.03236589385232059	0.020977459895075833
4.0277999999999805	-0.008499598935676105	0.010984572467432407	-0.042412802840980576	0.008853456760905659
4.033679999999981	-0.020191731570327404	-0.0022629196618201715	-0.050273316037122324	-0.003602800340410396
4.039559999999981	-0.03079215512231038	-0.015291193845652792	-0.05557551843438236	-0.015778387068087978
4.0454399999999815	-0.039788722674901994	-0.027464055558890324	-0.058077451419639096	-0.027079254164907196
4.051319999999982	-0.046752489227346004	-0.03819240537900774	-0.05767804555577045	-0.03695916789750429
4.057199999999982	-0.051358106463836206	-0.04696270152629584	-0.054420975051901355	-0.044946066266323546
4.0630799999999825	-0.05339895033406331	-0.05336148947410948	-0.04849130094901325	-0.050664561595119714
4.068959999999983	-0.052796281863180354	-0.05709482960892429	-0.040205128836999865	-0.05385351949000605
4.074839999999983	-0.04960204097135131	-0.05800171332605763	-0.02999285155557197	-0.05437789428284361
4.0807199999999835	-0.043995189603945314	-0.056060859773696604	-0.018376860837563718	-0.05223428926665004
4.086599999999984	-0.03627183844087652	-0.05139061457788162	-0.0059448789346641506	-0.047550021856891875
4.092479999999984	-0.02682969521691404	-0.04424201195412639	0.006679730943568536	-0.04057579379999832
4.0983599999999845	-0.01614764742395722	-0.03498539589457374	0.01886917786555573	-0.031672378957034696
4.104239999999985	-0.004761524613745003	-0.024091308290677595	0.03002241931584647	-0.021292030777016416
4.110119999999985	0.0067627354003686095	-0.012106626804439514	0.03959475414012535	-0.009955564346791044
4.1159999999999854	0.017857174788532968	3.728401235530493E-4	0.04712437744756197	0.001773728210676105
4.121879999999986	0.027979766362884736	0.012731930128739731	0.0522546052799554	0.01331802479860615
4.127759999999986	0.03664085312512251	0.02436640950308368	0.054750702273573995	0.02411339835858727
4.133639999999986	0.04342678908545425	0.034712472802978254	0.05451052201622697	0.03363732349175938
4.139519999999987	0.04801964224543154	0.043274021309862465	0.05156848320516212	0.041433925013744294
4.145399999999987	0.05021202391888978	0.04964640270591036	0.046092739191715235	0.04713575058118871
4.151279999999987	0.04991635615845685	0.05353547840196238	0.0383757372919741	0.05048102997640033
4.157159999999988	0.04716816840881936	0.05477112303342229	0.028818690508743167	0.0513256133914681
4.163039999999988	0.042123311614901175	0.05331454062164716	0.017910781968372876	0.04964904844786942
4.168919999999988	0.035049278111076956	0.04925908972994184	0.006204176897379836	0.04555454730918965
4.174799999999989	0.026311103921697773	0.04282463032237286	-0.005713883921760863	0.03926289660613946
4.180679999999989	0.01635259253349727	0.03434572216875186	-0.017250500989499387	0.031100659151419307
4.186559999999989	0.005673823068137955	0.02425430302689481	-0.027836571665239666	0.02148329310820045
4.19243999999999	-0.005193919596844305	0.01305774001514268	-0.03695482310476782	0.010894058000940954
4.19831999999999	-0.015714538010967727	0.001313366850024827	-0.04416504376862115	-1.4022394189121615E-4
4.20419999999999	-0.0253735293907322	-0.010399217395530656	-0.04912528500782054	-0.011075337525927143
4.210079999999991	-0.033703108022366285	-0.021506713179414563	-0.05160801422992084	-0.02137647738392039
4.215959999999991	-0.040304818081513004	-0.03147014314687944	-0.05151045993723943	-0.03054436564649333
4.221839999999991	-0.04486854588293646	-0.03981096473732653	-0.04885868327263433	-0.038139410899171375
4.227719999999992	-0.047187026861508115	-0.04613400964930634	-0.04380522571384788	-0.043802741431262775
4.233599999999992	-0.04716517179788655	-0.05014615279478964	-0.036620502430341303	-0.0472731086505411
4.239479999999992	-0.044823797303116815	-0.05166983147837998	-0.027678419650332936	-0.04839886722870655
4.245359999999993	-0.040297624289814656	-0.05065079491416448	-0.017436976952422086	-0.04714448633619252
4.251239999999993	-0.03382769122219665	-0.0471597518030365	-0.006414857895884467	-0.04359131877280013
4.257119999999993	-0.025748602394425016	-0.04138788522140969	0.004834796862477994	-0.03793263835148487
4.262999999999994	-0.016471281968272192	-0.03363650463870093	0.015752109884186363	-0.03046323656425254
4.268879999999994	-0.006462119881463103	-0.02430138977506264	0.0257982934298187	-0.021564133627497623
4.274759999999994	0.003780434279641707	-0.013852636409710512	0.0344822009807826	-0.011683193673314012
4.280639999999995	0.013750656742313742	-0.0028110278884194823	0.04138429727829798	-0.001312627874306336
4.286519999999995	0.022960483696971644	0.008277882163688357	0.04617687914848006	0.009035486501294212
4.292399999999995	0.030963366554454346	0.01887068803771619	0.04863957495545608	0.01885445535724011
4.298279999999996	0.037375884149394585	0.028452724683309196	0.04866939270998815	0.02766774214729123
4.304159999999996	0.04189606786735838	0.0365630354269693	0.04628486326283015	0.03505205781219133
4.310039999999996	0.044317566147002496	0.042816505306622996	0.04162412163850347	0.04065764935074726
4.315919999999997	0.04453898680743301	0.0469220993572749	0.03493707153670807	0.04422481666247028
4.321799999999997	0.04256799839829129	0.048696344600661884	0.02657207032282129	0.04559588016673317
4.327679999999997	0.038520033067536784	0.04807143445293162	0.016957840027075587	0.044722051041760476
4.333559999999998	0.032611700281685585	0.04509760268596188	0.006581540869053024	0.04166491019704037
4.339439999999998	0.025149279944783526	0.039939697582643964	-0.004035873531867979	0.03659246863159538
4.345319999999998	0.016512902361305166	0.03286817150775999	-0.0143657