0.0	1.0	1.0	1.0	1.0
0.00576	0.9723018110074402	0.9723936290443498	0.9722043559183673	0.97239461437468
0.01152	0.8989389866514012	0.8992907618044217	0.898363413332159	0.8992973815323381
0.01728	0.7837525050457831	0.7844994051281475	0.782361287013714	0.784517835200804
0.02304	0.632524650290425	0.6337548534919221	0.6300589866987251	0.6337940247658417
0.028800000000000003	0.4526910845381782	0.4544308798397049	0.4489979316860342	0.45450693154189975
0.03456	0.2529762262311187	0.25518530711789905	0.24802746622339641	0.25531998132221373
0.04032	0.042970812973038855	0.04554419122895187	0.03687313606875234	0.04576121569416355
0.04608	-0.16732793587051378	-0.16455480476889675	-0.17433325515425868	-0.1642317633621244
0.051840000000000004	-0.36799154365369857	-0.3652327826023096	-0.375539135114736	-0.36478237565869304
0.057600000000000005	-0.5496283304110153	-0.5471326819757606	-0.5572489657177975	-0.5465389196551056
0.06336	-0.7038222634924922	-0.7018550711972176	-0.7109716812759707	-0.7011099504208088
0.06912	-0.823522132474506	-0.8223455331963514	-0.8296167114260781	-0.8214509423699431
0.07488	-0.9033630897549338	-0.9032153316842901	-0.9078201551295431	-0.9021844566602137
0.08064	-0.939905938923566	-0.9409812559430406	-0.9421861451422592	-0.9398393051942201
0.0864	-0.9317835560452111	-0.9342141154863858	-0.9314325994147261	-0.9329981305050824
0.09216	-0.879748299988947	-0.8835894472770235	-0.8764351936159311	-0.8823472134304672
0.09792000000000001	-0.7866189919867272	-0.7918388405730431	-0.7801682827609703	-0.790626968043949
0.10368000000000001	-0.6571307966434662	-0.663605038179586	-0.6475464147829129	-0.6624862652211234
0.10944000000000001	-0.49769589212240556	-0.5052083799839538	-0.4851747807361948	-0.5042482220641383
0.11520000000000001	-0.31608696279898596	-0.3243362537982927	-0.30102121309015983	-0.3235991943405372
0.12096000000000001	-0.12105909103015716	-0.12967078060830137	-0.10402597570334637	-0.12921622359271198
0.12672	0.07807159644646247	0.06952726273454198	0.09633158118775387	0.06964904079731503
0.13248	0.2718722824343357	0.2638583809900709	0.2904885284852324	0.26361002560399244
0.13823999999999997	0.4512396501079871	0.444227289189782	0.4692541701045184	0.4435876582020784
0.14399999999999996	0.6078268354700871	0.6022679863315179	0.6242444628521759	0.601234707989994
0.14975999999999995	0.7344311483065007	0.7307311372897065	0.748274541054546	0.7293222421594292
0.15551999999999994	0.8253245853935502	0.8238158579936516	0.8356910019974485	0.8220703366871861
0.16127999999999992	0.8765120084081727	0.8774307546295437	0.8826286231966239	0.875407950671724
0.1670399999999999	0.8859053981716072	0.8893725144595899	0.8871799027307458	0.8871503262653945
0.1727999999999999	0.8534066537680713	0.8594143157093637	0.8494700565863654	0.8570862494359479
0.17855999999999989	0.7808957839592758	0.7893006248366025	0.7716346660454676	0.7869718075819998
0.18431999999999987	0.6721258298216515	0.6826493770244717	0.6577018240552319	0.6804317037346331
0.19007999999999986	0.532530248737335	0.5447668811808544	0.5133851598820174	0.5427735247090235
0.19583999999999985	0.36895257433703343	0.38238485021261837	0.3457983115620159	0.38072440889337383
0.20159999999999983	0.18931175447093818	0.20333254227683667	0.16310506903387226	0.20210313041253034
0.20735999999999982	0.00221949455040422	0.016159944514028444	-0.025877642175322152	0.01544354619523172
0.2131199999999998	-0.18343193594316132	-0.17026989588599054	-0.21210466080194584	-0.17041249148495718
0.2188799999999998	-0.35889173433575355	-0.3471999835518431	-0.3867349256912127	-0.34673336716194797
0.22463999999999978	-0.5159624319949323	-0.5063901379334464	-0.5415506110845674	-0.5053073241071345
0.23039999999999977	-0.6473822418433552	-0.6405001669297427	-0.6693432194905887	-0.6388242878271725
0.23615999999999976	-0.7471600833010965	-0.743427661874602	-0.764248522917877	-0.7412121671334145
0.24191999999999975	-0.8108478624920615	-0.8105849003804966	-0.8220148238022509	-0.8079121943123402
0.24767999999999973	-0.8357376744912934	-0.8391023302365673	-0.8401923057743402	-0.8360808585770115
0.2534399999999997	-0.8209752399387209	-0.8279496590911193	-0.8182350986911648	-0.8247095402581531
0.2591999999999997	-0.7675849138336548	-0.7779695195499934	-0.7575119041765379	-0.7746568954450601
0.2649599999999997	-0.6784058166122126	-0.6918228290080751	-0.6612254133827598	-0.6885931834747178
0.2707199999999997	-0.5579428363346491	-0.5738491213049934	-0.5342450877584678	-0.5708598763773649
0.27647999999999967	-0.41214023790445986	-0.42984909766083707	-0.38286196014513113	-0.4272518451236582
0.28223999999999966	-0.2480892042644462	-0.2668002421847154	-0.2144777550695277	-0.2647329978649056
0.28799999999999965	-0.07368365935409378	-0.09251940643534534	-0.03724365392470913	-0.09109928505622383
0.29375999999999963	0.10275895484331538	0.0847113514222165	0.1403336962637346	0.08539465308072065
0.2995199999999996	0.27289375840827823	0.25653779085273093	0.30979991470789336	0.2564273452826498
0.3052799999999996	0.4287425365971129	0.4149267514429243	0.46315484296937426	0.4140022788877665
0.3110399999999996	0.5630672807129082	0.5525411668083251	0.5932296412014081	0.5508212005961649
0.3167999999999996	0.6697057055576396	0.6630793492154267	0.6940212774959774	0.660621528766162
0.32255999999999957	0.7438532212331255	0.7415628839495847	0.7609688342652794	0.7384623075819853
0.32831999999999956	0.7822784926319309	0.7845600137117331	0.7911589503606618	0.7809456803721547
0.33407999999999954	0.7834629608981752	0.7903345308621262	0.7834511926141353	0.7863639977057405
0.33983999999999953	0.7476583696351146	0.7589137768839711	0.7385180356102954	0.7547662532466688
0.3455999999999995	0.6768602580070284	0.6920732021025171	0.6587982355439082	0.6879413849141364
0.3513599999999995	0.5746993660614313	0.5932388811441086	0.5483665157300648	0.5893199077341125
0.3571199999999995	0.4462567560517184	0.46731322483115934	0.4127264408661775	0.46379917246424607
0.3628799999999995	0.2978120061822264	0.3204326972229785	0.25853695743684757	0.31750109149824207
0.36863999999999947	0.13653691486981936	0.15966947184266203	0.0932861502487001	0.15747427621711707
0.37439999999999946	-0.02985037724502244	-0.0073084995730912025	-0.07507183199875156	-0.00864495437615552
0.38015999999999944	-0.193454195181597	-0.17260269385480947	-0.23849910492206564	-0.17299641869148516
0.38591999999999943	-0.34657547032190067	-0.32845712964082324	-0.38925727864773096	-0.3278674610606659
0.3916799999999994	-0.482073510521548	-0.4676217857838585	-0.5202733432670934	-0.4660543607152037
0.3974399999999994	-0.5936984263560772	-0.5836893206030783	-0.6254709354864387	-0.581196851022628
0.4031999999999994	-0.6763787654718071	-0.671389479114454	-0.700051499361655	-0.6680702415939495
0.4089599999999994	-0.7264511487955739	-0.7268276895252508	-0.7407123636443376	-0.7228217562967734
0.41471999999999937	-0.741821548955012	-0.7476570819562873	-0.7457918653139614	-0.7431404326551039
0.42047999999999935	-0.7220511633154012	-0.7331763782019853	-0.7153352006341807	-0.7283531391038973
0.42623999999999934	-0.668363451377066	-0.6843496463090986	-0.6510785089214124	-0.6794428012048945
0.43199999999999933	-0.5835726556393654	-0.6037476185807071	-0.5563526059641005	-0.598988617383396
0.4377599999999993	-0.4719378283637625	-0.49541396086769324	-0.43591159679681046	-0.49103171428163017
0.4435199999999993	-0.3389498695434252	-0.3646633814105145	-0.29569513064813896	-0.3608731690796214
0.4492799999999993	-0.1910621812405681	-0.21782161602250566	-0.14253614844563642	-0.2148144491982189
0.4550399999999993	-0.035378117137062015	-0.061919977892884615	0.016171528081749792	-0.05985294473991133
0.46079999999999927	0.12068966347184347	0.09564080590799452	0.1728296210845258	0.09665272349100802
0.46655999999999925	0.2697716267258692	0.24744142365602811	0.31999867772624346	0.24733163684019013
0.47231999999999924	0.40488884826688853	0.38639286582520194	0.4507508624806663	0.38514723041199045
0.47807999999999923	0.5197791900231211	0.5060669860601266	0.5589955543918614	0.5037253839708267
0.4838399999999992	0.6091869502616478	0.6009933456581511	0.6397624721456445	0.597648678727266
0.4895999999999992	0.6691026172435128	0.666908659294143	0.6894291944255784	0.6627032625071256
0.4953599999999992	0.6969418223625802	0.7009474974751414	0.7058826953851248	0.696067105065521
0.5011199999999992	0.691655548500011	0.7017657534402463	0.6886077392627581	0.6964312728377577
0.5068799999999992	0.6537669596929387	0.6695916107276274	0.6386985169413982	0.6640490701709697
0.5126399999999992	0.5853337199544488	0.6062021976423265	0.5587935896460998	0.6007113277346698
0.5183999999999992	0.48983819533007983	0.5148276224331815	0.4529378545665922	0.5096496051591491
0.5241599999999992	0.37201131739320153	0.39998748279246266	0.3263786905499001	0.3953724496519598
0.5299199999999992	0.23759896981234882	0.2672680763880983	0.18530651691293468	0.26344295764460884
0.5356799999999992	0.09308239931470433	0.12305126039820354	0.0365525615001292	0.12020857863307365
0.5414399999999991	-0.054633772605644046	-0.0257919071636102	-0.1127414325023382	-0.02750374388938905
0.5471999999999991	-0.19855094380418636	-0.17222806155556059	-0.25546561472579765	-0.17271247710898618
0.5529599999999991	-0.3319076403080657	-0.3093934306738667	-0.3848801564826039	-0.3086110092018162
0.5587199999999991	-0.4484966974168843	-0.43091509888943663	-0.4949330419468666	-0.4288862352915322
0.5644799999999991	-0.5429536572644265	-0.5312066200204054	-0.5805425607212822	-0.5280113299519638
0.5702399999999991	-0.6110030083255092	-0.6057242903208271	-0.6378313415145638	-0.6014991528102713
0.5759999999999991	-0.6496509926911206	-0.6511723513799704	-0.6643011791378617	-0.6461046957466741
0.5817599999999991	-0.6573163220614301	-0.6656478874792383	-0.658940811586868	-0.6599674710353319
0.587519999999999	-0.6338931456340634	-0.6487190906866449	-0.6222620584011419	-0.6426876380835466
0.593279999999999	-0.5807438574918599	-0.6014337497362268	-0.5562631780710044	-0.595332832596949
0.599039999999999	-0.500622662583146	-0.5262581237392271	-0.4643217754090914	-0.5203759449713301
0.604799999999999	-0.3975340809735987	-0.42694963267594105	-0.3510229240031847	-0.42156733917778944
0.610559999999999	-0.2765336064188608	-0.30836987994977927	-0.22193120655200263	-0.30374805714088865
0.616319999999999	-0.14348040599749717	-0.17624727462482173	-0.08331797487197587	-0.17261327459826606
0.622079999999999	-0.004754129519571108	-0.03690081560048504	0.0581428285075003	-0.03443753747164615
0.627839999999999	0.13305050826434645	0.10306166728129894	0.19569555656117388	0.10422498977306711
0.6335999999999989	0.2634367733818345	0.23705642628566426	0.32282504480357394	0.23685096589294732
0.6393599999999989	0.3803117475827245	0.3588330652824446	0.4335647544896772	0.35725432144059427
0.6451199999999989	0.47827057673745077	0.4627656580185967	0.5227763194777936	0.4598743388911899
0.6508799999999989	0.5528458945583046	0.5441121771189935	0.5863874226256697	0.5400319704856746
0.6566399999999989	0.6007109365907384	0.5992302939562788	0.6215770162919214	0.5941426030459915
0.6623999999999989	0.6198271401098893	0.6257397561114665	0.626899496211671	0.6198756233287022
0.6681599999999989	0.6095297218484407	0.6226241388221516	0.6023424111350776	0.6162537177578747
0.6739199999999989	0.5705477066781628	0.5902676743028736	0.5493154976058793	0.5836877317300407
0.6796799999999988	0.5049580034035415	0.5304259489077177	0.47057211559470363	0.5239459776245072
0.6854399999999988	0.4160762401234712	0.44613237629664404	0.3700673693389586	0.44005997171280353
0.6911999999999988	0.3082900341431818	0.34154535823896454	0.25276017659239713	0.3361715527901775
0.6969599999999988	0.18684304161314216	0.22174379318531087	0.12436915863071385	0.21732905075936873
0.7027199999999988	0.057580386317043666	0.09248095911937937	-0.008905658403178918	0.08924250602264813
0.7084799999999988	-0.07333219763656303	-0.04009132669968265	-0.140681809755608	-0.04199021615130541
0.7142399999999988	-0.19970203566532205	-0.16971506692319402	-0.2646996302504653	-0.17017330077910275
0.7199999999999988	-0.3156020281105065	-0.2903210875729233	-0.3751191863288682	-0.28930508804275146
0.7257599999999987	-0.4156482140573138	-0.3963127981941776	-0.46679483674887734	-0.39385865603411535
0.7315199999999987	-0.4952494061450676	-0.48282546107058677	-0.535514534925408	-0.47903778391780194
0.7372799999999987	-0.5508173443852845	-0.5459489793744697	-0.5781927679049397	-0.5409964629109422
0.7430399999999987	-0.579927775931612	-0.5829040251230656	-0.5930083231442251	-0.5770119332787385
0.7487999999999987	-0.5814252632788734	-0.5921636027316488	-0.5794807711663391	-0.585603492690414
0.7545599999999987	-0.5554672388333687	-0.5735147721454594	-0.5384825182129657	-0.5665919344398129
0.7603199999999987	-0.503505728380872	-0.5280581106223321	-0.472186374862363	-0.5210973075124766
0.7660799999999987	-0.428208121024372	-0.45814543820490694	-0.3839516560699345	-0.45147560925251534
0.7718399999999986	-0.3333212287761656	-0.36725922956356744	-0.2781547293040003	-0.3611978875201279
0.7775999999999986	-0.22348552065100757	-0.25983984839571983	-0.15997252366985432	-0.254677908411387
0.7833599999999986	-0.10400871098284017	-0.14106914386601196	-0.03512968303571297	-0.1370569134035951
0.7891199999999986	0.019390275675583584	-0.01662093119065474	0.09037830965361836	-0.013955937420033962
0.7948799999999986	0.1408546335491671	0.10760964940734195	0.21057266547675613	0.10879240134936546
0.8006399999999986	0.25466725459951445	0.22578500461476272	0.31977570925726884	0.22541986148686574
0.8063999999999986	0.35551942067308834	0.33239901664267774	0.41287867434876374	0.33049325020996834
0.8121599999999985	0.4387580000447661	0.4225331924625651	0.48558026113793734	0.41916712449628885
0.8179199999999985	0.5005996583133379	0.4920831363192666	0.5345848410966161	0.4874067877505638
0.8236799999999985	0.5383022454410886	0.5379449385960836	0.5577511985064364	0.532171341033404
0.8294399999999985	0.5502856232804012	0.558153041732159	0.5541851295402733	0.5515485098674399
0.8351999999999985	0.5361966482329737	0.55196349240525	0.5242719443104629	0.5448353027988333
0.8409599999999985	0.4969157032152323	0.5198791051472597	0.469647809641409	0.5125611533727646
0.8467199999999985	0.4345049534900475	0.4636158208484136	0.3931117897039979	0.4564529288180975
0.8524799999999985	0.3521012501031354	0.38601231343556547	0.2984832490968486	0.3793439269828224
0.8582399999999984	0.25375919312974343	0.29088754909495723	0.19041184575988887	0.28503159912249126
0.8639999999999984	0.14425217384598338	0.1828534110912315	0.0741495392581802	0.17809110802344882
0.8697599999999984	0.028841133729890875	0.06709155824046738	-0.04470422819975252	0.06365384912607365
0.8755199999999984	-0.086977778490249	-0.05089470732933932	-0.1604718338083654	-0.0528383651880786
0.8812799999999984	-0.19773456688460112	-0.16554169932286672	-0.26766832532013246	-0.16589170144724938
0.8870399999999984	-0.2982433548411359	-0.2714873477267786	-0.3612609179321168	-0.2702190292572929
0.8927999999999984	-0.38384481012859456	-0.36382161953206127	-0.43690487798258537	-0.3609868069302711
0.8985599999999984	-0.4506217144845608	-0.43831368188644193	-0.491144757245307	-0.43403861802303756
0.9043199999999983	-0.4955777247487868	-0.4916053167660379	-0.5215716797148802	-0.48608504034182504
0.9100799999999983	-0.5167711921352827	-0.5213617667758391	-0.5269295493988856	-0.5148511964379976
0.9158399999999983	-0.5133980946732987	-0.5263732633947107	-0.5071655361978357	-0.5191753951585573
0.9215999999999983	-0.4858205888062753	-0.5066028612736212	-0.4634228864247454	-0.49905462732355343
0.9273599999999983	-0.4355402817656713	-0.4631787611557277	-0.3979768652698264	-0.45563521202764434
0.9331199999999983	-0.36511794292514	-0.3983319278340185	-0.31411733858218804	-0.39114948281913037
0.9388799999999983	-0.2780438862142567	-0.315282374444188	-0.2159840127020385	-0.3088019327095513
0.9446399999999983	-0.1785655490241697	-0.2180798702207375	-0.1083625557298491	-0.21261058519100465
0.9503999999999982	-0.07148075944615864	-0.1114069249164351	0.0035483808914373166	-0.10721141626971686
0.9561599999999982	0.03809326696499842	-3.5361320110352144E-4	0.11438791743356236	0.002364674408085431
0.9619199999999982	0.1449640971013602	0.10982495076926194	0.21888939978689542	0.11093163246595387
0.9676799999999982	0.24410978335003933	0.21395694967778	0.31213030059053043	0.21339334759535444
0.9734399999999982	0.33091448998559503	0.30719629081277217	0.3897637266450734	0.3049825150090346
0.9791999999999982	0.4013830046385135	0.3852477776134012	0.44822066258748616	0.3814820803624297
0.9849599999999982	0.45232418437962485	0.44456457952777756	0.48487356124759345	0.4394189994223306
0.9907199999999982	0.4814949344412177	0.48250894064839606	0.49815380649441016	0.4762214295610077
0.9964799999999981	0.4876982498558746	0.4974688682323555	0.48761783004865417	0.4903322622356755
1.0022399999999982	0.4708310719609805	0.48892566960088213	0.45395914958522776	0.481274016391913
1.0079999999999982	0.43188011553745254	0.45746955742581474	0.3989661913084008	0.4496624403532141
1.0137599999999982	0.3728662933609267	0.40476300672031823	0.32542834161845713	0.39716860301491264
1.0195199999999982	0.29674078595625747	0.3334540052743375	0.236995116757176	0.32643167878180707
1.0252799999999982	0.2072380615035272	0.24704367729554258	0.13799553119444435	0.2409269308049125
1.0310399999999982	0.1086931389621284	0.1497148687037567	0.03322658271494752	0.1447954665538084
1.0367999999999982	0.005832014942703393	0.04613006460501	-0.07227882989689477	0.04264408319856228
1.0425599999999982	-0.09645463217169276	-0.05879161620294517	-0.17349334498483665	-0.06067514162858451
1.0483199999999981	-0.19334364159249592	-0.16010769959462767	-0.26563436550942954	-0.16029498495671884
1.0540799999999981	-0.28030646445367274	-0.25308485986783175	-0.3443897079373228	-0.2515620397589003
1.0598399999999981	-0.3533204764732585	-0.3334197264816674	-0.4061190425089811	-0.3302537471785176
1.065599999999998	-0.4090546654126	-0.3974377088572212	-0.44802173277420415	-0.39277339347674395
1.071359999999998	-0.4450211406197583	-0.4422606701083623	-0.4682633572211134	-0.4363140843069999
1.077119999999998	-0.45968559578829854	-0.46593581839259984	-0.4660552245438653	-0.4589842411330939
1.082879999999998	-0.45253185020609743	-0.46752006875341806	-0.44168347718929835	-0.4598890347748945
1.088639999999998	-0.4240778015243065	-0.44711626752196276	-0.39648680458001134	-0.43916428849193123
1.094399999999998	-0.3758424384739873	-0.40585996295956533	-0.3327842411733845	-0.3979616461219041
1.100159999999998	-0.3102658748217102	-0.34585774091486843	-0.2537568882807173	-0.33838610198191865
1.105919999999998	-0.23058656703986655	-0.27008041273249955	-0.16328956056279245	-0.2633892200105191
1.111679999999998	-0.14068186469976618	-0.18221643839216436	-0.06578021706719675	-0.17662342567345612
1.117439999999998	-0.044879722485173155	-0.08649279375569775	0.03407349345221851	-0.08226454024070727
1.123199999999998	0.05224930078643398	0.012528036803715394	0.13150022921174298	0.015188838595883783
1.128959999999998	0.1461097756846099	0.11016520859247828	0.2218826368427262	0.11112948771133171
1.134719999999998	0.23229851085421183	0.20184048526251352	0.30097586775216956	0.20105906173889113
1.140479999999998	0.30681079455202864	0.28329261086544516	0.36510660324885463	0.2807986948717135
1.146239999999998	0.3662261242525949	0.3507750618884517	0.4113432732266842	0.3466828561841081
1.151999999999998	0.4078648273790564	0.4012280175261779	0.4376295993336963	0.3957274814121664
1.157759999999998	0.4299084211675361	0.43241667182707766	0.44287540254988267	0.42576468711595455
1.163519999999998	0.4314783302615085	0.44302965664028116	0.42700069792594075	0.43553800735831705
1.1692799999999979	0.41266959059475933	0.43273326925661104	0.3909313545599226	0.42475399876672126
1.1750399999999979	0.37453832061034	0.4021793105585819	0.3365469179784242	0.39408814526929975
1.1807999999999979	0.3190439331041046	0.3529665375996852	0.26658346405453703	0.34514515939369883
1.1865599999999978	0.2489491891732576	0.28755791481137244	0.18449647068442088	0.28037592031284375
1.1923199999999978	0.16768315997178568	0.20915790814810475	0.09429055614634368	0.20295530922886107
1.1980799999999978	0.07917387086947063	0.121555910557536	3.2445477851601734E-4	0.11662700622097302
1.2038399999999978	-0.012341222370794418	0.028943430259293	-0.09289928833938405	0.025522816327345463
1.2095999999999978	-0.10251779678377412	-0.06428615468406342	-0.18094977119881606	-0.06603477185302961
1.2153599999999978	-0.1871105961043606	-0.15374572322660657	-0.259678041344333	-0.15373737473482224
1.2211199999999978	-0.26217298750232726	-0.23526057356403335	-0.325412287213907	-0.23349316095673192
1.2268799999999978	-0.3242407747990934	-0.30506294603414974	-0.3751287463029217	-0.3016174581644747
1.2326399999999977	-0.37049172228313026	-0.35996585675215387	-0.40659039178676415	-0.3550026548351458
1.2383999999999977	-0.3988734602933392	-0.3975082371585437	-0.41844705680815747	-0.39125957871848865
1.2441599999999977	-0.40819399665738243	-0.4160647876464018	-0.4102925421063888	-0.40882393859536553
1.2499199999999977	-0.39817087078256497	-0.4149156649252317	-0.3826763359218924	-0.40702311119119666
1.2556799999999977	-0.36943697199474607	-0.39427304992753875	-0.337069754413782	-0.3861004581573256
1.2614399999999977	-0.3235031055022586	-0.35526369355717025	-0.2757884816835517	-0.3471963778670163
1.2671999999999977	-0.26267943017534234	-0.29986861404358367	-0.2018755476537531	-0.29228733744408725
1.2729599999999976	-0.18995981602443826	-0.23082312429295712	-0.11895063240342839	-0.2240860958359584
1.2787199999999976	-0.10887488600251823	-0.15148220676643187	-0.031033140730673342	-0.14590812707131898
1.2844799999999976	-0.023320937227266903	-0.06565784194907827	0.05765232093917816	-0.06151080092448062
1.2902399999999976	0.06262698423459653	0.022563838255610702	0.14287866525357484	0.02508689469000691
1.2959999999999976	0.14490890128385508	0.10901681573996977	0.2206175278457549	0.10979545421060255
1.3017599999999976	0.21967141130304088	0.18965164711233817	0.28722939059829744	0.18864770434490086
1.3075199999999976	0.28344785935444605	0.2607248682408735	0.33963366489583013	0.25798432204817956
1.3132799999999976	0.33331876854518205	0.3189724962787696	0.37545080154314553	0.3146233583419461
1.3190399999999975	0.3670451183799952	0.36175960151491626	0.3931098893664623	0.35600592871622255
1.3247999999999975	0.3831684046993989	0.3871991106430548	0.3919168997727503	0.38031141565148613
1.3305599999999975	0.3810730328175387	0.39423450417880523	0.37208064661217877	0.3865370167452244
1.3363199999999975	0.36100841008724266	0.3826828107147199	0.33469556682031026	0.3745381905924239
1.3420799999999975	0.32407002805550567	0.3532361957866303	0.2816824896015353	0.34502841925346206
1.3478399999999975	0.27214076591874525	0.3074224030083381	0.21569055199017	0.299538631870018
1.3535999999999975	0.20779551435753868	0.24752623717355818	0.13996524235737862	0.24033852773592237
1.3593599999999975	0.134173924498512	0.17647609263364097	0.05818912536348296	0.1703238101211633
1.3651199999999974	0.05482755154530834	0.09770114114058663	-0.02569695079751931	0.09287491201416055
1.3708799999999974	-0.026451180606963554	0.014966127406482066	-0.10768349799985605	0.011694089545683736
1.3766399999999974	-0.10580997076350619	-0.06780828261165184	-0.1838837692328693	-0.06937128042345009
1.3823999999999974	-0.1795189628274628	-0.14673104038281873	-0.25071775449560507	-0.14651077766279474
1.3881599999999974	-0.244145782631897	-0.2181233721086417	-0.30508009400082486	-0.21612978629192828
1.3939199999999974	-0.29671508769408544	-0.27868999216010326	-0.34448404673168254	-0.2750167306280198
1.3996799999999974	-0.3348452271202122	-0.32567091677406146	-0.36717485541899025	-0.3204909315641883
1.4054399999999974	-0.35685575043936346	-0.35696689786325436	-0.3722073592548217	-0.3505242906798776
1.4111999999999973	-0.36184093179427707	-0.3712327927810636	-0.35948444877282537	-0.3638312954644697
1.4169599999999973	-0.34970611991443035	-0.3679347386461029	-0.32975484846730857	-0.35992337357444243
1.4227199999999973	-0.32116550526112875	-0.3473687343245182	-0.2845706606911619	-0.339125332759261
1.4284799999999973	-0.2777017284716888	-0.31064006640290964	-0.22620701599719817	-0.30255342421778353
1.4342399999999973	-0.2214895518081012	-0.2596048604999893	-0.1575479596797563	-0.2520563752462678
1.4399999999999973	-0.15528749317987334	-0.19677680924274113	-0.08194427792208837	-0.19012246704432365
1.4457599999999973	-0.08230280225524089	-0.12520374057911166	-0.0030502564650896485	-0.11975730475863672
1.4515199999999973	-0.00603637198159762	-0.04832007029257933	0.07535268899710611	-0.04433826669490287
1.4572799999999972	0.06988492858798727	0.03021773238699083	0.14953701068901948	0.03254733298191265
1.4630399999999972	0.14188048239557852	0.10670479594861111	0.21600600315916163	0.10727262565783774
1.4687999999999972	0.20658454660080994	0.1775623790581285	0.27165836375044644	0.1763420331274614
1.4745599999999972	0.26100333978273876	0.2395050735032036	0.31393260716175453	0.2365545396655936
1.4803199999999972	0.3026532749327625	0.2896928772404191	0.3409246233060665	0.2851517769770882
1.4860799999999972	0.329673969429231	0.3258611109358261	0.351473000007922	0.31994408412406056
1.4918399999999972	0.3409109063185567	0.3464222492347789	0.345208309657692	0.339408796092597
1.4975999999999972	0.33596409602284205	0.3505351057055134	0.32256430469147385	0.34275636744848703
1.5033599999999971	0.31520072252652664	0.33813838151970044	0.2847507962497979	0.3299614858000143
1.5091199999999971	0.2797314746729568	0.30994728698052487	0.23368981583806112	0.30175799914027374
1.5148799999999971	0.2313519797294962	0.2674136910957996	0.17191839441768003	0.25959819210327056
1.520639999999997	0.1724523918375277	0.212651965069493	0.10246285527536249	0.20557861795363083
1.526399999999997	0.10589966582793682	0.1483342807253681	0.028690833303383095	0.14233624745966741
1.532159999999997	0.03489829870045547	0.07756053043049804	-0.0458517566900208	0.0729200605579103
1.537919999999997	-0.03716371038154406	0.003709186509214881	-0.11761092193311164	6.443192921171637E-4
1.543679999999997	-0.10687628881599064	-0.06972373665217667	-0.18319380549247516	-0.07106942934083156
1.549439999999997	-0.17096842756849437	-0.13928995288330143	-0.2395288663351841	-0.13885409989373454
1.555199999999997	-0.22646142323983648	-0.20175060454700172	-0.28400947489846423	-0.1995549289279908
1.560959999999997	-0.2708070574245815	-0.2542268209808602	-0.31461422362991504	-0.25037605931265916
1.566719999999997	-0.30200431576098685	-0.2943321476370147	-0.32999841422577625	-0.2890090489678888
1.572479999999997	-0.31868931484535334	-0.32028076672943456	-0.3295525997743807	-0.313737410216223
1.578239999999997	-0.3201944138134859	-0.33096661688956663	-0.31342566124074145	-0.3235124611482511
1.583999999999997	-0.30657397510473683	-0.3260099264652855	-0.2825116060074109	-0.31799715787027083
1.589759999999997	-0.2785958340210482	-0.30576923476401596	-0.2384010093491909	-0.29757610920922817
1.595519999999997	-0.2376991629991698	-0.27131861320383194	-0.1832996950762051	-0.26333158015228697
1.601279999999997	-0.18592099700972234	-0.22439143639344136	-0.11991878986053585	-0.21698689095821755
1.607039999999997	-0.12579514696141375	-0.1672936146147687	-0.05134161485865289	-0.1608201402720911
1.612799999999997	-0.06022850048048786	-0.10279061125060183	0.019126063414812766	-0.09755255182316779
1.618559999999997	0.007639264554069211	-0.03397376621056525	0.08811516160401515	-0.03021690214824437
1.6243199999999969	0.07458579520117432	0.03588762520419064	0.15235413821915203	0.03798762143016542
1.6300799999999969	0.13745884077495624	0.10350141077156498	0.20882391267483713	0.1038471973775952
1.6358399999999969	0.19332445924180264	0.16570750928958292	0.2548995193473156	0.16428459078286792
1.6415999999999968	0.23960369514959196	0.21962538711639473	0.2884718617472989	0.21650271321592526
1.6473599999999968	0.2741913731596706	0.26278721112352016	0.3080439325278024	0.25811383478371897
1.6531199999999968	0.29555154789864985	0.29325053430278836	0.3127971257571713	0.2872484909325888
1.6588799999999968	0.3027852977632367	0.30968538162840903	0.3026247265867265	0.3026391300367071
1.6646399999999968	0.29566789129539545	0.311431848262419	0.27813124910814824	0.30367477599524567
1.6703999999999968	0.27465382489979545	0.2985257394372727	0.24059792933576807	0.29042437335013244
1.6761599999999968	0.24084975954268162	0.2716913033506746	0.1919162885858913	0.2636279739720253
1.6819199999999968	0.19595689900378863	0.23230166278382744	0.13449318673618144	0.22465644321314537
1.6876799999999967	0.1421857818613549	0.1823090645832751	0.07113211418136939	0.17544183795792795
1.6934399999999967	0.08214773690235308	0.12414846781983117	0.004896563899159087	0.11838197025261687
1.6991999999999967	0.018728318023945797	0.06061921636837875	-0.06103786918969424	0.05622385509079102
1.7049599999999967	-0.04505115866047479	-0.005249466318440031	-0.12353553147720947	-0.008068304790360303
1.7107199999999967	-0.10617734180443879	-0.07034270810146986	-0.17964962678783583	-0.07145426356500774
1.7164799999999967	-0.16178700853245204	-0.1316070872125183	-0.226760943070464	-0.13096129555903935
1.7222399999999967	-0.20930096768469617	-0.18619366220562145	-0.2626998692813733	-0.18382340749218998
1.7279999999999966	-0.24654345064005267	-0.23159024247611407	-0.2858460299473525	-0.22760969017999674
1.7337599999999966	-0.2718414743862734	-0.26573676845825867	-0.2952009759084935	-0.26033586411697696
1.7395199999999966	-0.2840996523742622	-0.2871185137352232	-0.29043068889050916	-0.2805539122410613
1.7452799999999966	-0.28284712492953834	-0.2948329061973235	-0.2718761203846819	-0.2874157652800253
1.7510399999999966	-0.26825462443938175	-0.2886270391302322	-0.24053152103918857	-0.2807082580862475
1.7567999999999966	-0.24112111656248483	-0.26890434431734395	-0.19799185170938383	-0.26085794888286906
1.7625599999999966	-0.20283089932870746	-0.23670036101445469	-0.1463720284288814	-0.22890582180755284
1.7683199999999966	-0.1552834290922353	-0.1936289878048912	-0.08820207190311558	-0.1864533089387216
1.7740799999999965	-0.10079941084364273	-0.14180198063450858	-0.026303346098877238	-0.13558240466200225
1.7798399999999965	-0.042007781479542615	-0.0837256956841959	0.036348071263103514	-0.07875384058510565
1.7855999999999965	0.0182809217607619	-0.02218011322706501	0.09676427979443077	-0.018688288195106643
1.7913599999999965	0.07720871823689729	0.03991402893967981	0.1520878578516431	0.041763686286182836
1.7971199999999965	0.13200547188206666	0.09963365178322983	0.19972680634023593	0.09975670847752316
1.8028799999999965	0.18011891530534258	0.15419075037338126	0.23747577173384915	0.1525843313054584
1.8086399999999965	0.2193333163988025	0.20106235722747726	0.2636178894756656	0.19780514273386035
1.8143999999999965	0.2478712802379724	0.23810700467221457	0.27700255691848513	0.23335537918744728
1.8201599999999964	0.2644740205700445	0.26366232038549636	0.277095628398804	0.25764286062416275
1.8259199999999964	0.2684564899588121	0.276619320167287	0.2639998658664616	0.2696179838741037
1.8316799999999964	0.25973497415126423	0.2764700929181297	0.2384449116204889	0.26881862442806176
1.8374399999999964	0.23882607569397507	0.2633268500056689	0.20174750618100418	0.2553870493901651
1.8431999999999964	0.2068173711288161	0.23791167346547887	0.15574408464840978	0.23005827577906032
1.8489599999999964	0.1653113607492909	0.20151768009795384	0.1026991823141704	0.1941206555232407
1.8547199999999964	0.11634557710931154	0.15594365633610738	0.045194203953630815	0.14935076788179732
1.8604799999999964	0.06229282009981187	0.1034054492468313	-0.013997990927895936	0.09792589093184038
1.8662399999999963	0.005746391651549026	0.04642846521402787	-0.07204660351978481	0.042318351095049854
1.8719999999999963	-0.050604129120158034	-0.012273519060238158	-0.12619809194244305	-0.014823133531990084
1.8777599999999963	-0.10410062879727226	-0.0699274269989553	-0.1739066002134563	-0.0707994307029261
1.8835199999999963	-0.15224166206954923	-0.12383170394409576	-0.2129534507562985	-0.12298830945468725
1.8892799999999963	-0.1927992251353671	-0.17148272709020773	-0.24155010152600345	-0.16896709662706408
1.8950399999999963	-0.22392165804772057	-0.21069089719090248	-0.258419800964038	-0.2066249458334053
1.9007999999999963	-0.2442179336281872	-0.23968103807733812	-0.2628542262919829	-0.23425952557282775
1.9065599999999963	-0.2528195082987388	-0.2571725107582338	-0.25474261125199793	-0.2506537082814881
1.9123199999999962	-0.24941700084951274	-0.26243543923527185	-0.2345721988510078	-0.2551288186018999
1.9180799999999962	-0.23427017586210236	-0.2553205969322071	-0.20340022881349026	-0.2475721294444515
1.9238399999999962	-0.20819098110612655	-0.23626176036753105	-0.1627990225330305	-0.22843752412175822
1.9295999999999962	-0.1725006621441175	-0.2062506404301166	-0.11477699610657632	-0.19871951332390264
1.9353599999999962	-0.1289631924766142	-0.16678578969512703	-0.061679554886079804	-0.1599020469034564
1.9411199999999962	-0.07969835696939577	-0.1197980962243665	-0.006074748617918742	-0.11388473368517285
1.9468799999999962	-0.02707875909182731	-0.06755655387253037	0.04937074780306879	-0.06289012328391515
1.9526399999999962	0.02638425399152457	-0.012558896586928048	0.10201934737540512	-0.009356564358517552
1.9583999999999961	0.07816027261534494	0.04258764117962883	0.14938784966782287	0.044178205127754014
1.9641599999999961	0.1258194168546638	0.09528975394681598	0.18926438113951255	0.09519718657487239
1.9699199999999961	0.16714619582071866	0.1430898492604491	0.2198114788555809	0.14132228990107082
1.975679999999996	0.20024230723905054	0.18378047518532506	0.23965052318173544	0.18042500340656936
1.981439999999996	0.22361361655850925	0.21550607172932792	0.24792365138361006	0.21072442255116375
1.987199999999996	0.23623734089147885	0.2368473652144265	0.24433038702401955	0.23086813231973832
1.992959999999996	0.23760643024853914	0.24688457803384636	0.22913744572672348	0.2399922809250197
1.998719999999996	0.2277492396589051	0.24523665271919926	0.20316146693364012	0.23775819094771905
2.004479999999996	0.20722376778163143	0.23207483914870097	0.16772571186130356	0.22436397887730639
2.010239999999996	0.17708694405275646	0.2081102120168472	0.12459299852565672	0.20053084155093318
2.015999999999996	0.13884062013479134	0.17455591454365874	0.07587825736305298	0.16746486184669582
2.021759999999996	0.09435700730815774	0.1330661059817324	0.023945033625401443	0.12679632998836826
2.027519999999996	0.04578724894209054	0.08565466962226975	-0.028709008124674924	0.08049961758409425
2.033279999999996	-0.004542417273401937	0.03459766480512557	-0.07957203942823433	0.0307975309648214
2.039039999999996	-0.054241903693055246	-0.017675761438058775	-0.1262377300664671	-0.019945232068556282
2.044799999999996	-0.10097061178376843	-0.06869878288459538	-0.16651892408720617	-0.06933442356032615
2.050559999999996	-0.14254749901102912	-0.11608314737007751	-0.19854996770278305	-0.11505905542840388
2.056319999999996	-0.1770527054440408	-0.15763080363264728	-0.2208729103857193	-0.15499937049302356
2.062079999999996	-0.20291601305284337	-0.19143569197251342	-0.2325036065655799	-0.1873249377986358
2.067839999999996	-0.21898807121514724	-0.2159709931038046	-0.23297473397813329	-0.21057834111261656
2.073599999999996	-0.2245911689752479	-0.23015785086932933	-0.22235386741071658	-0.2237406439666989
2.079359999999996	-0.21954732658234324	-0.23341248727245098	-0.20123594881095733	-0.22627570267699187
2.085119999999996	-0.20418256776184712	-0.22566966866285923	-0.17071071861978526	-0.21815141726012405
2.090879999999996	-0.17930736784295848	-0.20738160988789825	-0.13230686032923905	-0.1998371101027761
2.096639999999996	-0.14617439740022847	-0.17949256506585412	-0.08791570444664712	-0.172277351257503
2.102399999999996	-0.10641574346385874	-0.14339049446894467	-0.03969828794258312	-0.13684365400913678
2.108159999999996	-0.06196274098139039	-0.10083826336667065	0.010019673175152698	-0.09526649314010792
2.113919999999996	-0.014952342126219736	-0.05388777104902102	0.05885980201247891	-0.04955100337302655
2.119679999999996	0.03237544598732408	-0.004781183323870931	0.1045046818979197	-0.001880455247212135
2.1254399999999958	0.07778414048084983	0.0441559855251078	0.14480765984156335	0.04548785323475495
2.1311999999999958	0.1191463150837148	0.09062485031899789	0.17789363714848241	0.09032933228475437
2.1369599999999958	0.15454311324346842	0.1324609981538332	0.2022461228454313	0.13055642352015076
2.1427199999999957	0.1823530947043876	0.16773514522676142	0.21677651748699775	0.16431562558280713
2.1484799999999957	0.20132631013305186	0.19484193372107853	0.22087247315434771	0.1900727202355347
2.1542399999999957	0.21064022951806435	0.21257279013088873	0.21442319674424715	0.20668228864386717
2.1599999999999957	0.2099350344440073	0.22016954832001828	0.19782067820762828	0.21343837820728345
2.1657599999999957	0.1993267789295164	0.21735647120615398	0.17193697943693104	0.21010409225771415
2.1715199999999957	0.17939798047104097	0.20434933930479202	0.13807885777606	0.19691888416028303
2.1772799999999957	0.15116627184436865	0.1818413630074095	0.0979220665881774	0.17458339558530056
2.1830399999999957	0.11603277453420492	0.15096676679801904	0.05342862367539266	0.14422273581595924
2.1887999999999956	0.07571279807604069	0.11324393631343269	0.006751122433118227	0.10733010522201722
2.1945599999999956	0.032152282293212764	0.07050096460428591	-0.039871255552685426	0.06569357457188486
2.2003199999999956	-0.012565955883875211	0.024787238496670423	-0.08422001036648674	0.02130960075887704
2.2060799999999956	-0.05632166166201695	-0.02172466709766833	-0.12420274421114803	-0.023712546224478465
2.2118399999999956	-0.0970575272099442	-0.0668420977648306	-0.1579517299791291	-0.06725087712580015
2.2175999999999956	-0.1328757761109855	-0.10845554438947379	-0.18391099193419594	-0.10727055503048376
2.2233599999999956	-0.16212642007460568	-0.14463713125646244	-0.20090784663292227	-0.14191885097965212
2.2291199999999955	-0.18348309100636404	-0.17372977613312632	-0.20820562449106092	-0.16961075946421242
2.2348799999999955	-0.19600297182103024	-0.1944229063186807	-0.20553521453651616	-0.18910132504075844
2.2406399999999955	-0.19916812864001232	-0.20581127960848958	-0.19310410179144416	-0.19954138846371977
2.2463999999999955	-0.19290644714787178	-0.207434280958101	-0.17158264867177084	-0.20051426724965885
2.2521599999999955	-0.1775913534088472	-0.1992940044565074	-0.14206845684512312	-0.19205180234037258
2.2579199999999955	-0.15402050758461638	-0.1818514409623344	-0.1060306824807906	-0.1746291855064067
2.2636799999999955	-0.12337464991209873	-0.1560011263343039	-0.06523711681868001	-0.14913898457336125
2.2694399999999955	-0.0871587053661277	-0.12302561477771776	-0.021667641574159013	-0.11684575816983274
2.2751999999999954	-0.04712807341648264	-0.08453207917758582	0.022581711937904432	-0.07932355289345597
2.2809599999999954	-0.005203704373585127	-0.04237416191704126	0.06539945797452505	-0.03837936180119159
2.2867199999999954	0.03661993666468554	0.0014371321041730552	0.10475927500600879	0.004033742059127053
2.2924799999999954	0.07636961542788463	0.04482922390959687	0.13881575960309897	0.04590962835438198
2.2982399999999954	0.11218628929403597	0.08576587427122459	0.16599079749376333	0.08528386440771744
2.3039999999999954	0.14241191033145728	0.12234260351445113	0.18504651671629366	0.1203257331859724
2.3097599999999954	0.16566602434750985	0.15287515220397227	0.1951414589481204	0.14942321044766735
2.3155199999999954	0.18090863478277278	0.17597688055768332	0.19586743093225328	0.17125696346748398
2.3212799999999953	0.1874864777566324	0.19062155728609237	0.1872654379029006	0.18485998218215757
2.3270399999999953	0.18516066113484714	0.196188703799367	0.16982010937075215	0.18966015688165438
2.3327999999999953	0.17411451701514896	0.19248950244002097	0.14443305601780093	0.18550394036434326
2.3385599999999953	0.15494146045439672	0.17977220695221274	0.11237659566555383	0.17266013706639144
2.3443199999999953	0.128613592673179	0.15870696539892062	0.0752302089977603	0.15180380387147527
2.3500799999999953	0.09643268973142737	0.1303509341572306	0.03480288864050051	0.12398118250071546
2.3558399999999953	0.05996603551396084	0.0960954809687558	-0.006954808919512015	0.0905574676628373
2.3615999999999953	0.020970252897296475	0.05759810247765667	-0.04804473973665347	0.053150007352888114
2.3673599999999952	-0.01869317260227791	0.016702379096661054	-0.08651665580120493	0.013550195332482888
2.3731199999999952	-0.05714662080537266	-0.02465017433527706	-0.12056063883928592	-0.026362179242820732
2.378879999999995	-0.09258509340735668	-0.06451215367938959	-0.14859210981940996	-0.0647080363021633
2.384639999999995	-0.12336080955295473	-0.10102184864456827	-0.1693254280990813	-0.0996973458054805
2.390399999999995	-0.1480596819297589	-0.13249006288534027	-0.18183266935536935	-0.12971255797954645
2.396159999999995	-0.16556613080223942	-0.157478128384918	-0.18558490435127417	-0.15338324053348817
2.401919999999995	-0.17511327312002625	-0.1748635178105796	-0.18047415504116307	-0.16964848577041458
2.407679999999995	-0.17631623860397333	-0.18389007033992677	-0.166815138866668	-0.17780425368817435
2.413439999999995	-0.16918717968811167	-0.18420059364080696	-0.14532688122550563	-0.17753354863448945
2.419199999999995	-0.15413141808063183	-0.17585045103761687	-0.11709523360440292	-0.16891815140777297
2.424959999999995	-0.13192506565774273	-0.1593016478345067	-0.08351823527576005	-0.1524315063572233
2.430719999999995	-0.10367532902166132	-0.13539785128567597	-0.04623705737233176	-0.12891325233321466
2.436479999999995	-0.07076551439070901	-0.10532167141127974	-0.00705593225872074	-0.09952674536500684
2.442239999999995	-0.034787454970445074	-0.07053635301676994	0.0321450320912015	-0.0657017095574676
2.447999999999995	0.00253534587714481	-0.032714744750193786	0.06949994582060372	-0.02906483440149977
2.453759999999995	0.03943015134359795	0.0063410139399239385	0.10324582764811148	0.008638319690800287
2.459519999999995	0.07415907067302661	0.04478523840531512	0.1318056822433594	0.045626364712424025
2.465279999999995	0.10510079934568317	0.08081580296260063	0.15386205580418616	0.08016613233233867
2.471039999999995	0.13082618115320047	0.11275849846900303	0.1684176458225294	0.11065376532055239
2.476799999999995	0.15016407669066084	0.13914470020711303	0.17484018478208757	0.13568906475863618
2.482559999999995	0.16225450936729152	0.15877874906852896	0.17288958841867066	0.15413965279759678
2.488319999999995	0.16658668555787762	0.170791961414168	0.1627262194789735	0.16519201774900683
2.494079999999995	0.16302021930868005	0.1746808362540761	0.14490002596882973	0.16838714907210006
2.499839999999995	0.15178869854550328	0.1703277906947912	0.12032122508478894	0.1636392131265055
2.505599999999995	0.13348557033842892	0.15800358924109864	0.0902140769242941	0.15123653060983747
2.511359999999995	0.10903315749968048	0.13835149969937346	0.05605608444192041	0.13182495475928818
2.517119999999995	0.07963640827804289	0.11235406709054968	0.019505630899362712	0.1063745760294521
2.522879999999995	0.0467236882753107	0.0812842068497775	-0.017678407922016255	0.07613145529432545
2.528639999999995	0.011877516238496873	0.0466430419915326	-0.05372118605099291	0.04255677757180422
2.534399999999995	-0.02324140394254783	0.010087512544546047	-0.08691648810119464	0.00725639010328137
2.540159999999995	-0.056973213978818	-0.026648758001033005	-0.11570738137062175	-0.028095883578350498
2.545919999999995	-0.08773723913228496	-0.061837565514382985	-0.13875911255621676	-0.06183749712480638
2.551679999999995	-0.11410594156219382	-0.09383731431494347	-0.15502084218298948	-0.092395255173714
2.557439999999995	-0.13487103470799047	-0.12116948365168269	-0.1637733685801194	-0.11835854642745122
2.563199999999995	-0.14909870288347185	-0.14258681524268485	-0.1646606830190313	-0.1385443325546762
2.568959999999995	-0.1561714097328174	-0.157130083235573	-0.15770398457431462	-0.15205090495828955
2.574719999999995	-0.15581443298967462	-0.1641708698139968	-0.1432976291400607	-0.1582979740288904
2.5804799999999948	-0.14810599928230847	-0.16343844814916725	-0.12218735109811271	-0.1570513180515646
2.5862399999999948	-0.13347067610606883	-0.15502963665123912	-0.09543193711990575	-0.14843095940466283
2.5919999999999948	-0.11265647117490331	-0.13940129801163734	-0.06435030965031116	-0.13290261862941163
2.5977599999999947	-0.08669685465241829	-0.1173459749132217	-0.03045665624631015	-0.11125298520016412
2.6035199999999947	-0.05685962135828697	-0.08995194298200422	0.004613211371064609	-0.08455010028285055
2.6092799999999947	-0.024585115358656793	-0.0585496837283358	0.03918069295683052	-0.05409083612878461
2.6150399999999947	0.008583179395608431	-0.0246474024658922	0.07160463607923988	-0.02133804715124296
2.6207999999999947	0.041072343211788404	0.010141289942283725	0.1003591430914462	0.012149567774000086
2.6265599999999947	0.07135450528075553	0.044174069363011506	0.12410526518619756	0.044791534462653215
2.6323199999999947	0.09801858667989323	0.07585732474182551	0.14175322062656376	0.07506008938035309
2.6380799999999947	0.11983593814881172	0.10372067327764836	0.1525122523584142	0.10155157696099203
2.6438399999999946	0.135816824985628	0.12648508527498956	0.1559258517661182	0.12305142678210806
2.6495999999999946	0.14525516860239573	0.14312146782176666	0.15189079014919724	0.1385897082448185
2.6553599999999946	0.14775952996137845	0.15289703020496304	0.14065918272071704	0.14748472801712556
2.6611199999999946	0.1432689861382703	0.15540734977174941	0.12282362372968811	0.14937271845214084
2.6668799999999946	0.1320532754416573	0.1505927457861252	0.0992862367109936	0.14422233513349925
2.6726399999999946	0.11469733419824486	0.13873831759535657	0.07121324260287815	0.13233340641822855
2.6783999999999946	0.09207108400620014	0.12045777643059213	0.03997732480885406	0.11432012282039629
2.6841599999999946	0.06528601733886877	0.09666196089280614	0.007090632692972734	0.09107958411537283
2.6899199999999945	0.035640739708781594	0.06851363896001329	-0.025868312363899804	0.06374730294354225
2.6956799999999945	0.004558130020520421	0.037370831075550254	-0.05733028034171227	0.033641863843343334
2.7014399999999945	-0.02648284562739478	0.004721410497186469	-0.08580994355008889	0.0022014284915948808
2.7071999999999945	-0.05601740415004562	-0.027887875031592235	-0.10997589264283172	-0.02908486076288414
2.7129599999999945	-0.08266396573895982	-0.05892457924214137	-0.12871276239389737	-0.05874731213602486
2.7187199999999945	-0.10518867676539474	-0.08694247372743241	-0.14117257405372025	-0.08540462398768586
2.7244799999999945	-0.12256242701078812	-0.11064883450373443	-0.14681293766298872	-0.10782810370648543
2.7302399999999944	-0.13400773202915955	-0.12896397316772162	-0.14542040209313928	-0.12499818527283196
2.7359999999999944	-0.1390333515297871	-0.14107027669238473	-0.13711796127009143	-0.13615065138345075
2.7417599999999944	-0.1374551111143699	-0.14644853500171198	-0.12235648710443925	-0.14081047132889074
2.7475199999999944	-0.12940205856294998	-0.14489995081568346	-0.10189062649394595	-0.13881176519022034
2.7532799999999944	-0.1153077852461438	-0.13655291213497892	-0.0767404348471523	-0.130303069411162
2.7590399999999944	-0.09588744484353262	-0.12185433133382137	-0.048140687170810235	-0.11573777663215538
2.7647999999999944	-0.07210167223558088	-0.1015460818347122	-0.01748037858385725	-0.09585032076084879
2.7705599999999944	-0.04510921380828135	-0.07662775955092646	0.013764627212332153	-0.07161934377589273
2.7763199999999943	-0.016210598265652333	-0.04830762922390289	0.044102540721059666	-0.04421968269441564
2.7820799999999943	0.01321441930968855	-0.017944156210123158	0.07209677528317976	-0.01496552569870215
2.7878399999999943	0.041772636081824834	0.01301905247398597	0.09643387476232948	0.01475251764148686
2.7935999999999943	0.068123271413532	0.04312178691433292	0.11598503314811703	0.04353342347408863
2.7993599999999943	0.09104081834366697	0.07095600333871277	0.12985832979329603	0.07003170949178537
2.8051199999999943	0.10947193495038218	0.0952315891620948	0.1374392690769904	0.0930202389244516
2.8108799999999943	0.12258373957782885	0.11483605692586961	0.13841778937039345	0.11144694573560178
2.8166399999999943	0.12980130141617288	0.1288854100039978	0.13280056496065765	0.12448286384772896
2.8223999999999942	0.1308326461463647	0.1367638600417628	0.12090813404208801	0.1315592735181372
2.8281599999999942	0.12568019952826492	0.1381506187282692	0.10335711183687658	0.13239230757555334
2.833919999999994	0.11463824083494908	0.1330326083287464	0.0810284556764042	0.1269939633956934
2.839679999999994	0.0982766019046646	0.12170260655321376	0.05502340491970853	0.11566911427953046
2.845439999999994	0.07741149483791679	0.10474302987143412	0.026609292101380466	0.09899877547942135
2.851199999999994	0.05306495159741356	0.08299623279695108	-0.0028421139434143053	0.07781052427750983
2.856959999999994	0.02641488403085788	0.057522827423604345	-0.03192073825407363	0.05313757011496074
2.862719999999994	-0.0012618010421009307	0.029550078520416367	-0.05924561974627286	0.026168492139949717
2.868479999999994	-0.028650289350876202	4.12879482765593E-4	-0.08353040185217755	-0.0018099162093662194
2.874239999999994	-0.05446023126755001	-0.028509856941217205	-0.10364379239857746	-0.02947395188342438
2.879999999999994	-0.07748644391237765	-0.05586036645240927	-0.1186621557679464	-0.05552553986056487
2.885759999999994	-0.09666509194149288	-0.08036568387062983	-0.12791179772233816	-0.07875305337592216
2.891519999999994	-0.1111227326474314	-0.10089679701087503	-0.13099901351180837	-0.09808757129218275
2.897279999999994	-0.12021596940349456	-0.11652055938773156	-0.127826567842719	-0.1126519650095863
2.903039999999994	-0.12355991940382104	-0.12654197976197346	-0.11859593178047924	-0.12180056580741129
2.908799999999994	-0.12104424443456888	-0.13053497798971708	-0.10379528498844832	-0.12514762481032388
2.914559999999994	-0.11283609077055798	-0.1283602540999141	-0.08417396912125677	-0.12258331934919017
2.920319999999994	-0.09936990758002445	-0.12016953411683604	-0.06070471750340972	-0.11427665521682903
2.926079999999994	-0.08132473280451949	-0.10639610240371432	-0.034535557312585216	-0.10066523575200508
2.931839999999994	-0.0595901221478045	-0.08773217561689435	-0.0069337567213534936	-0.08243248639185106
2.937599999999994	-0.03522242313824379	-0.06509428740200625	0.020775451069801165	-0.06047350830234795
2.943359999999994	-0.009393537879432784	-0.039578407123279744	0.04727240841873481	-0.03585125969380169
2.949119999999994	0.016665345072613358	-0.012406984627136464	0.07130579603458721	-0.009745204261696406
2.954879999999994	0.04172235230246296	0.015129525043826355	0.09175163711898861	0.016605097173661
2.960639999999994	0.06460307533948498	0.04173386410466955	0.1076657649257676	0.04195875829585333
2.966399999999994	0.08424552774795155	0.0661630029971014	0.1183273093142498	0.06513191961826179
2.972159999999994	0.09974934191615717	0.08728613254746748	0.123271205026408	0.08505294145251457
2.977919999999994	0.11041693105369718	0.10413691583858603	0.12230826302517477	0.100811868459334
2.983679999999994	0.11578473993621669	0.11595758982033808	0.11553194991818225	0.11170188710162718
2.989439999999994	0.11564319124745921	0.12223290912284646	0.10331166000134145	0.11725089245442949
2.995199999999994	0.11004447944265669	0.12271241810715325	0.0862729090642837	0.11724176127970204
3.000959999999994	0.09929794465759116	0.117420097960222	0.06526549808420887	0.11172047075788465
3.006719999999994	0.08395334761633835	0.10665103671591107	0.041321259042823605	0.10099178076874912
3.012479999999994	0.06477293490940113	0.09095538288484799	0.015603477927213508	0.08560278463762216
3.018239999999994	0.04269370575872836	0.0711104390056179	-0.010649530804433403	0.06631520114007479
3.023999999999994	0.018781742216333303	0.04808230202819497	-0.0361839656103985	0.04406780274637853
3.029759999999994	-0.005819176034375668	0.022978937489176034	-0.05979033616661521	0.019930827409569956
3.035519999999994	-0.029942199689294395	-0.003003038060839028	-0.08036067047048251	-0.004945417035887593
3.0412799999999938	-0.05245267542739079	-0.02863531443570768	-0.09694042893063765	-0.029385291860780732
3.0470399999999938	-0.07230143531632185	-0.052715877753173844	-0.10877269733072205	-0.052243308808640365
3.0527999999999937	-0.08857361109759374	-0.07412529888553995	-0.11533261761606751	-0.072457739250529
3.0585599999999937	-0.10053070629749469	-0.09187868829355468	-0.11635049653336602	-0.08909984598356342
3.0643199999999937	-0.107643996067502	-0.10517090993978537	-0.11182258359996591	-0.10141645886443156
3.0700799999999937	-0.10961774993180085	-0.11341298315050775	-0.10200910487845173	-0.10886394708951973
3.0758399999999937	-0.10640126540753368	-0.116258032121159	-0.08741974891401016	-0.11113206138508464
3.0815999999999937	-0.09818923694819746	-0.11361564722936249	-0.06878739681003444	-0.10815660815811617
3.0873599999999937	-0.08541053915928065	-0.10565407612826548	-0.0470314415386765	-0.10012045124045012
3.0931199999999937	-0.06870604942675414	-0.09279023931415754	-0.02321252622510051	-0.08744288978132175
3.0988799999999936	-0.04889664727191104	-0.07566813720391763	0.001519075206763032	-0.07075800695219714
3.1046399999999936	-0.02694298200687592	-0.05512675685255525	0.025978926984616905	-0.05088309780245177
3.1103999999999936	-0.0038989756512861845	-0.03215907110612518	0.04900507900080105	-0.028778741960090583
3.1161599999999936	0.0191386924843671	-0.007864128892322651	0.0695131873027226	-0.005502466866791719
3.1219199999999936	0.041082702036621205	0.016605455947017095	0.08654749647211422	0.017841767360793542
3.1276799999999936	0.06090633554895452	0.04009811211050631	0.09932529081111928	0.040155852184697576
3.1334399999999936	0.07769143865639627	0.06151743098163859	0.10727275139795409	0.06039911132218457
3.1391999999999936	0.09067085991258682	0.0798732595086116	0.11005058174055006	0.07763675849577206
3.1449599999999935	0.09926341271331376	0.09432738854570671	0.1075682649136717	0.09108297956077847
3.1507199999999935	0.10309977089739894	0.10423173249875574	0.09998636530832891	0.10013665751493508
3.1564799999999935	0.10203815065628921	0.10915726594533812	0.08770686185965924	0.10440812103454931
3.1622399999999935	0.09616912294615652	0.10891243128054082	0.07135206935493318	0.10373573248956171
3.1679999999999935	0.08580941905182038	0.10355023666519596	0.05173324307322934	0.09819161879953434
3.1737599999999935	0.07148511260721814	0.09336380142154418	0.029810444186837693	0.08807636466122426
3.1795199999999935	0.05390505963947511	0.07887065098727901	0.006645646568204461	0.07390300810200781
3.1852799999999934	0.03392593073998938	0.06078658993032955	-0.016648628658495614	0.0563711784890063
3.1910399999999934	0.012510555294478781	0.03999046475009816	-0.038962670068089025	0.03633267370099316
3.1967999999999934	-0.009318400835299497	0.01748154587921975	-0.059242368857163066	0.014750165039866217
3.2025599999999934	-0.030527199224361045	-0.00566840865377522	-0.07653893966228344	-0.0073489722731204165
3.2083199999999934	-0.05011991257591305	-0.028366112011378085	-0.09005322763744572	-0.028921492367850302
3.2140799999999934	-0.06718511990269997	-0.04954831025466834	-0.09917253670039182	-0.048957457990315985
3.2198399999999934	-0.08093822727579515	-0.06823151852322662	-0.10349828645890838	-0.06652745071625672
3.2255999999999934	-0.09075745274872231	-0.08355760853821227	-0.10286325547710366	-0.08082560861587915
3.2313599999999933	-0.09621182931755115	-0.0948331379307755	-0.09733767418816455	-0.09120650210567546
3.2371199999999933	-0.09707997012344	-0.10156062298939139	-0.08722396739093186	-0.09721416472859848
3.2428799999999933	-0.09335878649840858	-0.10346034954652664	-0.073040488092526	-0.09860197824140036
3.2486399999999933	-0.08526183036518427	-0.1004817727502714	-0.055495105648715654	-0.09534255203983669
3.2543999999999933	-0.07320742494378886	-0.09280405345030317	-0.03544998706868638	-0.08762721442555446
3.2601599999999933	-0.05779722835271454	-0.0808257931807962	-0.013879318705769403	-0.07585522476221365
3.2659199999999933	-0.039786320932739795	-0.0651445369350513	0.008177962539857357	-0.060613297957056306
3.2716799999999933	-0.02004629818836326	-0.046527089313186866	0.02966813855000558	-0.0426464833327608
3.2774399999999932	4.768308669927375E-4	-0.02587211304052838	0.04957297983093481	-0.022821837896555505
3.2831999999999932	0.02080790986031481	-0.0041668298232452015	0.06695792090409672	-0.002086660991324968
3.2889599999999932	0.03998890300863346	0.017560093886150194	0.0810158652775907	0.018576701464795228
3.294719999999993	0.05712397275622586	0.03828723103190751	0.09110457039119875	0.03819733011663952
3.300479999999993	0.07142124927840612	0.05704834705409827	0.09677588501175838	0.05586128724086139
3.306239999999993	0.08222934766961584	0.0729773738215964	0.09779551326174583	0.07075411945345485
3.311999999999993	0.08906695260273721	0.0853483143543543	0.09415244103136175	0.08219833476378514
3.317759999999993	0.09164413134076012	0.0936082433395061	0.08605765950255115	0.08968413313965573
3.323519999999993	0.08987443746443542	0.09740190770005025	0.07393233285219003	0.09289200104253911
3.329279999999993	0.08387731010158275	0.09658683831195489	0.058386058409142044	0.09170617430236318
3.335039999999993	0.07397073558486567	0.09123833872004618	0.040186333851342446	0.08621841119407557
3.340799999999993	0.06065459834924171	0.08164419761507222	0.02022075553230876	0.07672197772720535
3.346559999999993	0.044585583820142896	0.06828945608911574	-5.461943102441358E-4	0.06369620814486895
3.352319999999993	0.026544887660290378	0.05183202549529362	-0.02111967115643571	0.04778244376957678
3.358079999999993	0.007400314918825185	0.03307037540862002	-0.04052206167316536	0.029752552106939802
3.363839999999993	-0.011935395660044241	0.01290487413396552	-0.057839373259362406	0.010471567115284741
3.369599999999993	-0.030548023901315387	-0.007705350138472128	-0.07226422151369338	-0.009143744679251525
3.375359999999993	-0.047565031422884436	-0.027787963876373695	-0.08313339711654802	-0.028168410781271375
3.381119999999993	-0.06219640091205998	-0.04640323780966216	-0.08995826788385597	-0.04571280844402578
3.386879999999993	-0.07377124304866034	-0.0626879563119483	-0.09244662681960751	-0.06096420145407749
3.392639999999993	-0.08176847820012782	-0.07589537789253052	-0.09051501531605188	-0.07322432163562613
3.398399999999993	-0.08584019366853046	-0.08542940018982334	-0.08429101180570402	-0.0819412605566623
3.404159999999993	-0.08582663454072227	-0.09087137009078164	-0.07410545786386345	-0.08673421864455232
3.409919999999993	-0.08176218969262034	-0.09199833782605749	-0.060475072902934586	-0.08741000663972345
3.415679999999993	-0.07387216479954109	-0.08879196569942722	-0.044076362406713684	-0.08397059114376526
3.421439999999993	-0.0625605707753013	-0.08143774771568953	-0.025712131729823645	-0.07661140289267791
3.427199999999993	-0.04838957824549434	-0.07031465455721951	-0.006272258837075266	-0.06571056299113692
3.432959999999993	-0.03205167664693385	-0.055975767488098585	0.013309360736405096	-0.05180960807231086
3.438719999999993	-0.014335912305331908	-0.03912088379805367	0.032099616674069895	-0.035586690273067316
3.444479999999993	0.0039101520395017336	-0.02056244588163172	0.04921058797796653	-0.017823573720964738
3.450239999999993	0.021820925413557454	-0.0011864490116144097	0.06384143822735819	6.319699386587268E-4
3.455999999999993	0.038553793239936726	0.018089794396951894	0.07531582826674203	0.018906561261045604
3.461759999999993	0.05332869874579492	0.03636102355019598	0.08311310185479112	0.03614248562771034
3.467519999999993	0.0654644446688706	0.05277648346466533	0.0868918102437766	0.051537891153944054
3.473279999999993	0.07441002892521992	0.06657947640446356	0.0865045178447081	0.0643840307419914
3.479039999999993	0.07976957622670303	0.07714217478757274	0.08200325463236025	0.07409782153156565
3.484799999999993	0.0813197417860579	0.08399409724765171	0.07363543121896994	0.08024822930689005
3.490559999999993	0.07901882784750502	0.08684296022380203	0.061830487929396244	0.08257528797527995
3.4963199999999928	0.07300725120593074	0.0855869861669787	0.047177988028077114	0.08100092025237503
3.5020799999999928	0.06359941109825344	0.08031815840095899	0.03039826672788576	0.07563111799664501
3.5078399999999927	0.05126741234310078	0.07131634231287326	0.012307092946079044	0.06674945048867338
3.5135999999999927	0.03661747927758322	0.059034622512510196	-0.006223926020144356	0.05480227693555182
3.5193599999999927	0.020360234130115236	0.04407661567825445	-0.0243092780677388	0.0403764264310085
3.5251199999999927	0.0032762933699098055	0.02716688988484991	-0.041091803468847526	0.024170456497176234
3.5308799999999927	-0.013821155443640227	0.009115936155115596	-0.05578326186164154	0.006960894137615963
3.5366399999999927	-0.03012500500303925	-0.009218617558977425	-0.06770129193719664	-0.010434912271708584
3.5423999999999927	-0.044872273305402215	-0.0269726967058576	-0.07630103385537404	-0.027197555925850093
3.5481599999999927	-0.057379751706544004	-0.04331644687939963	-0.08119995239614858	-0.04254411365839225
3.5539199999999926	-0.06707559319821722	-0.05749296566714323	-0.0821947342472942	-0.05576465685070792
3.5596799999999926	-0.07352538348720764	-0.06885329457848498	-0.07926951913830875	-0.06625503123240069
3.5654399999999926	-0.07645150990541291	-0.07688605630903575	-0.07259514295735105	-0.07354439497480893
3.5711999999999926	-0.07574496931006224	-0.08124038724894567	-0.06251950135915509	-0.0773162633024074
3.5769599999999926	-0.07146912010616477	-0.08174114113018074	-0.04954956410797407	-0.07742212340230864
3.5827199999999926	-0.06385526784703974	-0.07839571121546444	-0.03432596349813232	-0.07388704039878868
3.5884799999999926	-0.05329036023526478	-0.0713922176321338	-0.017591426177553583	-0.0669070564542478
3.5942399999999926	-0.04029743750229693	-0.061089214361188644	-1.5460047996228646E-4	-0.05683857253414685
3.5999999999999925	-0.025509820753013054	-0.04799746776216795	0.017148961999617105	-0.044180277762980016
3.6057599999999925	-0.009640308310806131	-0.03275472675472751	0.033496790594069716	-0.029548537051083294
3.6115199999999925	0.006553124771781223	-0.016094726812949302	0.048118534722940864	-0.013647447774888542
3.6172799999999925	0.022303476173826206	0.0011880690076067216	0.06033220761314485	0.00276498298930211
3.6230399999999925	0.03687099321727849	0.01827630047897109	0.06957593214289054	0.018912918676811715
3.6287999999999925	0.04957786391380995	0.0343683132239786	0.07543371417144562	0.03403931604617262
3.6345599999999925	0.05983969783869286	0.048715713653898284	0.07765406486545433	0.047441364287582936
3.6403199999999925	0.0671923374611621	0.060658118998855017	0.07616064338129007	0.05850308392468559
3.6460799999999924	0.07131277301812952	0.06965349155253242	0.07105447772859518	0.06672357611590032
3.6518399999999924	0.07203322246519869	0.07530266674215998	0.06260772603399445	0.071739629831381
3.6575999999999924	0.06934776839850113	0.07736696870845264	0.05124934335467195	0.07334167024356375
3.6633599999999924	0.06341130017380071	0.07577814087501897	0.037543401493796494	0.07148235306986815
3.6691199999999924	0.05453087472218981	0.0706401864139883	0.022161152914742736	0.06627746106128703
3.6748799999999924	0.04314996645987546	0.06222309703371103	0.005848218795007305	0.05799912357003311
3.6806399999999924	0.02982640843670137	0.05094882996924715	-0.010611497807186298	0.04706174089570025
3.6863999999999923	0.015205118013552961	0.037370254533622395	-0.02643342974691296	0.03400133497329078
3.6921599999999923	-1.3062503936359213E-5	0.02214411425695597	-0.04086969182010833	0.019449351120248152
3.6979199999999923	-0.01510490746557846	0.005999323536223589	-0.053244379770320774	0.004102188051071318
3.7036799999999923	-0.029359128874894613	-0.010297873571024045	-0.0629851587629115	-0.011312076258786165
3.7094399999999923	-0.04210985040340644	-0.025980219545275372	-0.06964966782954844	-0.026068175464737973
3.7151999999999923	-0.05276766145207673	-0.04031551574865235	-0.0729455253976251	-0.039477730907072746
3.7209599999999923	-0.060846805506713564	-0.052640757324627356	-0.07274303536664428	-0.050921314108210575
3.7267199999999923	-0.06598725143812237	-0.06239274172629433	-0.06908004786611031	-0.05987700476476597
3.7324799999999922	-0.06797064825916987	-0.06913374045287862	-0.06215880662158792	-0.06594413027172578
3.7382399999999922	-0.06672946080724941	-0.07257106694409894	-0.052334997600233184	-0.06886111012857528
3.7439999999999922	-0.06234891148310268	-0.07256966985460783	-0.04009958304799878	-0.06851661456484619
3.749759999999992	-0.055061695826299044	-0.06915721575539936	-0.026054343691991024	-0.06495356754026245
3.755519999999992	-0.04523578104711827	-0.06252148263823123	-0.010882343893098034	-0.05836586455356887
3.761279999999992	-0.033355920563804944	-0.0530002484562152	0.004685233625768578	-0.04908801927617203
3.767039999999992	-0.019999808967602294	-0.04106421021866035	0.019904275730610266	-0.037578283731004435
3.772799999999992	-0.005810047171817858	-0.027293792452081037	0.034053258459743135	-0.0243960891206908
3.778559999999992	0.008536724403941726	-0.012350984170554054	0.046467405046881974	-0.010174914487375925
3.784319999999992	0.022362044312482905	0.0030524319645346583	0.05656986764814325	0.004408103721685926
3.790079999999992	0.03501766834954651	0.018188735979184554	0.06389847271319649	0.018664365639607283
3.795839999999992	0.045915916905736695	0.032348604291931864	0.06812679285943782	0.03192627710548799
3.801599999999992	0.054556912980570325	0.04487430313473092	0.06907858810941941	0.0435784651082496
3.807359999999992	0.060551450917116945	0.05519019061691456	0.06673498264911501	0.053086282198278927
3.813119999999992	0.06363845255320998	0.06282911531393047	0.06123409412176268	0.06002028192093097
3.818879999999992	0.06369623157676879	0.06745350347685825	0.05286319396805358	0.06407554755255379
3.824639999999992	0.06074708556129354	0.06887018631027064	0.042043832167497276	0.06508500755612388
3.830399999999992	0.05495505405924027	0.06703832062168166	0.029310691093095156	0.06302616099522536
3.836159999999992	0.046617005026684935	0.062070085976024494	0.015285225480792475	0.05802095070870103
3.841919999999992	0.036147525413380774	0.05422418356543244	6.453851404128932E-4	0.050328846361585765
3.847679999999992	0.02405838026338908	0.043892500150763694	-0.013907106984096458	0.040333518223106365
3.853439999999992	0.010933554722198776	0.0315806187841248	-0.027680344322642325	0.02852378073966051
3.859199999999992	-0.0025989065479680115	0.01788314177611068	-0.040025088100256054	0.015469748816968873
3.864959999999992	-0.015896906914485892	0.0034550274676848638	-0.05036532309419893	0.0017953670776410283
3.870719999999992	-0.028334720674946818	-0.011019679910376055	-0.058225081970495834	-0.011851366619660639
3.876479999999992	-0.03933239192675876	-0.024860236542922316	-0.06325029161546329	-0.024829064534507842
3.882239999999992	-0.04838273024535753	-0.03742117025441619	-0.06522464185408441	-0.03653305033758111
3.887999999999992	-0.05507464883414714	-0.04812233720617509	-0.0640787695069301	-0.046423487706882614
3.893759999999992	-0.059111773806001626	-0.056475666647383356	-0.05989237458903215	-0.05405022990015364
3.899519999999992	-0.06032548530813681	-0.06210736319164477	-0.05288922493193173	-0.059073248847923476
3.905279999999992	-0.05868182095134272	-0.06477455948236402	-0.04342534433093751	-0.06127771949871557
3.911039999999992	-0.05428196640743553	-0.06437568104821285	-0.03197100136289929	-0.06058309401060275
3.916799999999992	-0.047356362995925945	-0.060954086627603335	-0.019087406093519763	-0.057045788409330334
3.922559999999992	-0.038252763111211584	-0.05469486682660595	-0.005399266449447951	-0.05085540774181332
3.928319999999992	-0.02741884726896105	-0.04591500650096023	0.008435456203198811	-0.042324740153839094
3.934079999999992	-0.015380268170210362	-0.03504742653608689	0.021757130234214432	-0.03187404139252281
3.939839999999992	-0.0027151958762725906	-0.02261970425302451	0.033935861713076304	-0.02001039540162473
3.945599999999992	0.009973405538857835	-0.009228515379334556	0.044401233744166456	-0.007303161741674159
3.9513599999999918	0.02208644258236568	0.00448896674336363	0.05266897521700072	0.0056433037342159586
3.9571199999999918	0.03305693744465937	0.017885345939485577	0.05836331446261947	0.01821835004002922
3.9628799999999917	0.04237652391263936	0.03033351549373902	0.06123398871626086	0.02983379298772108
3.9686399999999917	0.049618957943312794	0.04125597185180463	0.061167142937172986	0.039951385121436374
3.9743999999999917	0.05445955786620744	0.05015156148536182	0.05818964854734359	0.048107712717356046
3.9801599999999917	0.05668969026719835	0.05661842431323725	0.052466689609002956	0.05393537037748532
3.9859199999999917	0.05622565875146089	0.06037208577334199	0.04429278561982443	0.05717944817789752
3.9916799999999917	0.05311162227636083	0.06125788608412169	0.03407673111786157	0.05770859462502211
3.9974399999999917	0.04751645463198728	0.05925720792244916	0.022321217938925168	0.05552017973467097
4.003199999999992	0.039724743353960985	0.054487259568877976	0.009598152866603777	0.05073936383503695
4.008959999999992	0.030122401332570575	0.04719447544032574	-0.0034791198788367735	0.043612165816224964
4.0147199999999925	0.019177614752119432	0.037741895441879496	-0.01628534430912411	0.03449290590262515
4.020479999999993	0.007418065140508184	0.026591164688259273	-0.02821320715195931	0.023826659437961625
4.026239999999993	-0.004594468576868695	0.014280042860473848	-0.038702097604863886	0.012127587519014542
4.031999999999994	-0.016290907597538793	0.0013965163908377367	-0.04726441239635866	-4.5802927471383175E-5
4.037759999999994	-0.02712179393774661	-0.011449242424174576	-0.05350817398810301	-0.012117281290776265
4.043519999999995	-0.036583062635311206	-0.023653734066414425	-0.05715491516085962	-0.023520130554816998
4.049279999999995	-0.04423945850522464	-0.0346484451571666	-0.058052016960469514	-0.03372371408166431
4.0550399999999955	-0.04974451164102493	-0.043926290071001725	-0.05617895752341071	-0.04225812833164828
4.060799999999996	-0.05285615725136522	-0.05106495296306707	-0.0516472234818764	-0.04873579813407905
4.066559999999996	-0.053447298561637144	-0.055746057918871605	-0.04469393927380787	-0.052869024241398214
4.072319999999997	-0.05151085598995916	-0.057769299637489877	-0.035669568227036715	-0.054482691321872195
4.078079999999997	-0.047159109827039615	-0.057060910898137196	-0.025020318580729284	-0.05352157857161272
4.083839999999998	-0.040617414587248074	-0.05367611426070076	-0.013266134514210515	-0.050051973460984764
4.089599999999998	-0.03221262820832537	-0.04779549104590195	-9.753552828835593E-4	-0.04425755942827768
4.095359999999999	-0.022356845900086134	-0.03971548709065202	0.011262724595779972	-0.03642981778859929
4.101119999999999	-0.011527245189569537	-0.029833548607681608	0.02286607120903533	-0.026953440076430753
4.106879999999999	-2.430255977673236E-4	-0.018628629925655324	0.033287554004516946	-0.0162874775631312
4.11264	0.010959444608471647	-0.0066380264724690925	0.0420407044279451	-0.004943149156013542
4.1184	0.021552086710130088	0.00556834855928965	0.048722379681517464	0.006540621554134583
4.124160000000001	0.03103996825125547	0.017415014245599388	0.05303127790355944	0.017622771338639764
4.129920000000001	0.03898438991410576	0.028348016553183728	0.05478145701505441	0.027785553472975264
4.135680000000002	0.045023127479761005	0.03786079363580626	0.05391025411085901	0.036558689022705815
4.141440000000002	0.04888689696038104	0.0455176058982398	0.05048027363771295	0.04354108847043735
4.147200000000002	0.05041129695337248	0.05097344906644908	0.04467539756668712	0.04841914233117222
4.152960000000003	0.04954370190420125	0.05398954249822352	0.03679105566214515	0.05098074892170364
4.158720000000003	0.04634482262848619	0.05444370023628475	0.027219265213936382	0.051124454688172505
4.164480000000004	0.04098490449142261	0.052335138396042445	0.016429194433747657	0.048863317402152245
4.170240000000004	0.033734786988490216	0.047783537578054446	0.004944210680834185	0.04432335383847385
4.176000000000005	0.024952289163724266	0.04102245048762379	-0.006683465768120874	0.037736689297846855
4.181760000000005	0.015064602084480697	0.0323874100182695	-0.01789927676671909	0.029429774473427955
4.1875200000000055	0.0045475524300342225	0.022299339303990067	-0.028172738781453804	0.019807264078878357
4.193280000000006	-0.00609725820400213	0.011244081243744618	-0.03702249656122572	0.00933235075074043
4.199040000000006	-0.016366341716838786	-2.5095915959857636E-4	-0.04403883654825777	-0.0014954921060159213
4.204800000000007	-0.025778103611582365	-0.01164193856724807	-0.04890260901381572	-0.012164290854519581
4.210560000000007	-0.03389539328114605	-0.022394270084969997	-0.05139968730125905	-0.022173744995998567
4.216320000000008	-0.040345770262304174	-0.03200767671414655	-0.05143031199502396	-0.031058653619804807
4.222080000000008	-0.04483854876391476	-0.04003943100743194	-0.04901291654045746	-0.03841049963723827
4.2278400000000085	-0.047177842586453744	-0.04612470312954469	-0.044282296743003	-0.04389619209229118
4.233600000000009	-0.047271027756803086	-0.049993084091352016	-0.037482256881984484	-0.0472731086505476
4.239360000000009	-0.045132261298587065	-0.051480538198320346	-0.028953126983664076	-0.0483997613484865
4.24512000000001	-0.040880930894683386	-0.05053625958726918	-0.019114786718334643	-0.04724162000928669
4.25088000000001	-0.03473515049392687	-0.047224151468763874	-0.008446040119069628	-0.04387185921362487
4.256640000000011	-0.027000649793880026	-0.04171890170560083	0.002538647809458835