0.0	1.0	1.0	1.0	1.0
0.00564	0.9733580052614811	0.9734424443013102	0.9732665151020408	0.9734433262413102
0.01128	0.9028786827921106	0.9032026589989075	0.9023380339241777	0.903208589888809
0.01692	0.7921071942758939	0.7927965722786122	0.7907986882040564	0.7928130816745833
0.02256	0.6463826315738309	0.6475216234079009	0.6440587272261589	0.6475566589095877
0.0282	0.4725828034281818	0.4742005609184268	0.46909176218442583	0.47426847777344605
0.03384	0.2788005174856972	0.2808665960981535	0.2741042145898266	0.28098680411071647
0.03948	0.0739674935527067	0.0763930586642967	0.06815113313982435	0.07658687663867318
0.04512	-0.13255664891677119	-0.12991489618579205	-0.13928367361134758	-0.12962598144769108
0.05076	-0.3314114452121352	-0.32874311519317007	-0.3387237492356126	-0.3283393775812843
0.0564	-0.5136592244464147	-0.5111876624361632	-0.5211323189427578	-0.5106537890770716
0.06204	-0.6711861880534996	-0.6691531039165383	-0.6783211403749372	-0.6684805167546138
0.06768	-0.7970629582950761	-0.7957113108754488	-0.8033174063929972	-0.7948998861963212
0.07332000000000001	-0.8858486069779784	-0.8854044699380968	-0.8906722905296167	-0.8844638648602344
0.07896000000000002	-0.9338248618417843	-0.9344794698442489	-0.9366975181858547	-0.9334298965225516
0.08460000000000002	-0.939150455645029	-0.9410437275815922	-0.9396197382853203	-0.9399159617529551
0.09024000000000003	-0.901929278281134	-0.905135876145606	-0.8996463014853119	-0.9039705051096928
0.09588000000000003	-0.824189944592407	-0.828708799947937	-0.8189401438844012	-0.8275547593118213
0.10152000000000004	-0.7097784189703203	-0.7155265385678867	-0.7015056406482123	-0.7144389663607275
0.10716000000000005	-0.5641692594007918	-0.5709803686420487	-0.552991341464591	-0.5700178658100905
0.11280000000000005	-0.39420468171755163	-0.4018329681157768	-0.3804192454915008	-0.4010544174181847
0.11844000000000006	-0.20777383710536437	-0.21590277223924867	-0.19185354895120418	-0.21536388926595346
0.12408000000000007	-0.013447301478346867	-0.02170322697506923	0.003975541983135961	-0.02145303391137784
0.12972000000000006	0.17991631893101606	0.17194644910604512	0.19807541334469717	0.17186901797809434
0.13536000000000006	0.36357363618737093	0.356321225394884	0.3816034285033956	0.35589037530208667
0.14100000000000007	0.5292912537142468	0.5231828259795843	0.5462692107202245	0.5223884129698136
0.14664000000000008	0.6697142658588244	0.665147264612348	0.6847085478028747	0.6639965921122651
0.15228000000000008	0.7786920190231058	0.7760109780651344	0.7908120828017894	0.7745297369371179
0.1579200000000001	0.8515467368151751	0.8510211819846998	0.8599941507601871	0.8492534353319604
0.1635600000000001	0.8852733139442002	0.8870787007276454	0.8893899682352123	0.8850858647202811
0.1692000000000001	0.8786617932999008	0.8828646595307482	0.8779727446095273	0.880723485401554
0.1748400000000001	0.8323376084536055	0.8388859272151864	0.8265860046244333	0.836685544987666
0.1804800000000001	0.7487184353280271	0.7574379002479072	0.7378903175031694	0.7552760388163672
0.18612000000000012	0.63189028020301	0.6424869562288252	0.6162275398116069	0.6404655038894376
0.19176000000000012	0.4874090651490127	0.49947850775471275	0.4674094182920172	0.49769861939624044
0.19740000000000013	0.32203729315521634	0.3350798946953318	0.2984407960633899	0.33363688422632326
0.20304000000000014	0.14342823586562942	0.1568702175675983	0.11719056850749401	0.15584849476801999
0.20868000000000014	-0.04022763878733567	-0.027008488734976854	-0.06797418469354993	-0.02754017033275761
0.21432000000000015	-0.22057769184832304	-0.20822271220764213	-0.248573906650076	-0.20821543630208242
0.21996000000000016	-0.3894864452685856	-0.3786246293232933	-0.41640435380528695	-0.378052687007072
0.22560000000000016	-0.5394020180160216	-0.5306179321215019	-0.5639087595180696	-0.529481175179098
0.23124000000000017	-0.6636931866315648	-0.6574959152358417	-0.684517513285347	-0.6558209319598333
0.23688000000000017	-0.7569420532357941	-0.753736800835939	-0.772940113623574	-0.751576808894894
0.24252000000000018	-0.8151794345318667	-0.8152433253069656	-0.8253964507376609	-0.81267673844243
0.24816000000000019	-0.8360527818736293	-0.8395162261762846	-0.8397773456474618	-0.8366439178031913
0.2538000000000002	-0.8189195783557845	-0.8257543289847601	-0.81572757991667	-0.8226956827984813
0.25944000000000017	-0.764862588660389	-0.7748772999828677	-0.7546482401710181	-0.7717652020091946
0.26508000000000015	-0.6766269034605306	-0.6894706475673282	-0.6596189081637941	-0.686445632367819
0.2707200000000001	-0.5584822600439798	-0.5736560635343083	-0.5352438802040217	-0.5708598763773541
0.2763600000000001	-0.4160174744831569	-0.4328935364391922	-0.3874300330490622	-0.4304624104486537
0.2820000000000001	-0.25587683786988935	-0.2737246943186351	-0.2231070119634543	-0.2717826647480611
0.28764000000000006	-0.08545087602428597	-0.10346940887696453	-0.049902963964540276	-0.10212199422846788
0.29328000000000004	0.08746416278627588	0.07011029456099833	0.12420903687395674	0.07078172359127631
0.29892	0.2550224284517921	0.23916361375345957	0.29127750765950045	0.23910648150198696
0.30456	0.4096839545574488	0.3961055673212599	0.44373519281986495	0.3952995008955858
0.3102	0.5445534255651647	0.5339568194039748	0.5747413026241005	0.5324156153027834
0.31583999999999995	0.653687029046898	0.6466535287998283	0.6784878997972621	0.6444255421139701
0.32147999999999993	0.7323537636659768	0.7293134910675341	0.750456737926042	0.7264803845907063
0.3271199999999999	0.7772397450460489	0.7784469203550681	0.7876152243715594	0.7751207893905352
0.3327599999999999	0.7865867241055977	0.7921028049582346	0.7885430475364067	0.7884217731169268
0.33839999999999987	0.7602590808696545	0.7699447461678992	0.753484238818375	0.7660672041127194
0.34403999999999985	0.6997368401938704	0.7132534166507652	0.6843228831519762	0.7093511457195956
0.3496799999999998	0.6080356237492673	0.6248561049955097	0.5844841898850817	0.6211065873579247
0.3553199999999998	0.48955775191179035	0.508987096200438	0.45876602783450626	0.5055653595372496
0.3609599999999998	0.34988179111590983	0.3710857261544602	0.3131091607739176	0.36815610126336823
0.36659999999999976	0.19550056904381605	0.2175417038900251	0.15431715145838534	0.21524988631937228
0.37223999999999974	0.03351993119388869	0.0553995969587106	-0.010260887899504051	0.05386539779504781
0.3778799999999997	-0.12866781013206371	-0.10796387747916562	-0.17306992971884044	-0.10865273125853446
0.3835199999999997	-0.2837207508439881	-0.26517499475035666	-0.3266953761020279	-0.26496769255156044
0.3891599999999997	-0.42467926443410164	-0.4091953925442386	-0.46420025892466377	-0.4080812460049269
0.39479999999999965	-0.5452778865691557	-0.5336367077843086	-0.5794379816263704	-0.5316465435005785
0.40043999999999963	-0.640223261369554	-0.6330434368122774	-0.6673265263739044	-0.6302490719566398
0.4060799999999996	-0.7054258446487758	-0.7031315181473575	-0.7240719197677953	-0.6996433042391279
0.4117199999999996	-0.738175251743566	-0.7409722313968037	-0.7473311619551083	-0.7369347430920201
0.41735999999999956	-0.7372517698545614	-0.745113552828205	-0.7363076635686124	-0.7406995881925305
0.42299999999999954	-0.7029695043495945	-0.7156339892967302	-0.6917753693927302	-0.7110371312745738
0.4286399999999995	-0.6371497592035356	-0.6541269951429669	-0.6160310317094064	-0.6495530567407412
0.4342799999999995	-0.5430264205049684	-0.5636172207793985	-0.5127773788769104	-0.5592749551820563
0.4399199999999995	-0.4250881750333148	-0.44841290475432194	-0.3869430560760311	-0.4445044031565343
0.44555999999999946	-0.2888652155275123	-0.313901565681444	-0.24444805363905173	-0.3106127877800038
0.45119999999999943	-0.14067053478867936	-0.166298650041573	-0.09192575675940665	-0.1637905335427431
0.4568399999999994	0.012692115735503412	-0.012360836536502114	0.06358535836044008	-0.010761412294231651
0.4624799999999994	0.16424011620623394	0.1409228011855434	0.2149660748557999	0.14152490204827387
0.46811999999999937	0.3071294415653951	0.28664767739992747	0.35534190589417697	0.28620799721575346
0.47375999999999935	0.4349632849320053	0.4183042749835798	0.47839482642715897	0.4168253325061028
0.4793999999999993	0.5420779451533214	0.5300684731108519	0.5786471510313573	0.5276004327163071
0.4850399999999993	0.6237932237873304	0.6170586939255042	0.6517048253402214	0.6136978356675857
0.4906799999999993	0.6766162861583567	0.6755485376185435	0.6944493510646896	0.6714335648973404
0.49631999999999926	0.6983901365554587	0.70312567100263	0.7051699935295559	0.698431994504202
0.5019599999999993	0.6883804358436107	0.6987902301355096	0.6836307114223198	0.6937224635243192
0.5075999999999993	0.6472972309517265	0.6629887771706217	0.6310692708661295	0.6577717671304207
0.5132399999999993	0.5772511391769105	0.5975827878663011	0.550129120251893	0.5924515742455534
0.5188799999999992	0.4816465003587984	0.5057536054725872	0.44472766567127925	0.5009427628655386
0.5245199999999992	0.3650168423383577	0.39184864545630693	0.31986745990882604	0.3875814926952168
0.5301599999999992	0.23281057265022573	0.26117624617486596	0.1813993711884466	0.2576544230089077
0.5357999999999992	0.09113699804770074	0.11975881735758136	0.035748917257617974	0.11715271716817079
0.5414399999999991	-0.0535155127641605	-0.025944257844535856	-0.11038145734195567	-0.02750374388938905
0.5470799999999991	-0.19457624263039908	-0.16933123817678958	-0.25032038631021447	-0.16975926530289395
0.5527199999999991	-0.32569016683625496	-0.30395673842183657	-0.37773173414070943	-0.3032190151126628
0.5583599999999991	-0.44100382203315847	-0.42382104464607057	-0.4869010488984975	-0.42193606724186355
0.5639999999999991	-0.535426163890755	-0.5236370627351132	-0.5729913849797991	-0.5206759455853124
0.569639999999999	-0.6048528099463314	-0.5990630426980673	-0.632257065382501	-0.5951469218375146
0.575279999999999	-0.6463438150584958	-0.6468908572932247	-0.6622059624802372	-0.6421859580771342
0.580919999999999	-0.65824730955253	-0.6651816974895807	-0.6617032997313126	-0.6598922661621183
0.586559999999999	-0.6402638422960807	-0.6533434816632065	-0.6310127003195354	-0.6477028822956081
0.592199999999999	-0.5934489962074196	-0.612146947740297	-0.5717731057751994	-0.6064073145280056
0.5978399999999989	-0.5201546570120393	-0.5436801854044535	-0.4869131246044197	-0.5381010916859277
0.6034799999999989	-0.4239120893909688	-0.4512441424013984	-0.38050721354092565	-0.4460807984427775
0.6091199999999989	-0.3092625828150773	-0.3391942798082583	-0.2575807132720733	-0.3346857988104924
0.6147599999999989	-0.18154375563089153	-0.2127359379139386	-0.12387303863616078	-0.20909421232812822
0.6203999999999988	-0.04664154735315038	-0.07768300148968202	0.014429840909136571	-0.07508270920212942
0.6260399999999988	0.08928059912267243	0.05980896783442088	0.15098118155418494	0.06123875476190689
0.6316799999999988	0.22006292435869937	0.19352290127891295	0.2795643223510865	0.19370510190923032
0.6373199999999988	0.33982809856612756	0.31746096051732536	0.3943753081395232	0.31637454965122863
0.6429599999999988	0.44324493150130245	0.4261131835876045	0.4902844478725804	0.4237947250920499
0.6485999999999987	0.5257652327849124	0.5147020242208626	0.5630650405670401	0.5112445773599328
0.6542399999999987	0.5838233200438141	0.5793919509228694	0.6095790921759756	0.5749413743784552
0.6598799999999987	0.6149894476791559	0.6174549324363765	0.6279118895171732	0.6122037310773732
0.6655199999999987	0.6180705850830608	0.6273846969578305	0.6174496952086211	0.6215636711707073
0.6711599999999986	0.5931544091049128	0.608955017634534	0.5788974681496973	0.6028230787899977
0.6767999999999986	0.5415949789966554	0.5632198374158527	0.5142362750413473	0.5570524409076263
0.6824399999999986	0.4659412137653773	0.4924556853124182	0.4266228128334494	0.48653240035574813
0.6880799999999986	0.3698118714308997	0.4000494339530402	0.32023608419824423	0.394641213663883
0.6937199999999986	0.2577231209642757	0.2903368882385293	0.2000786395548463	0.28569362218250627
0.6993599999999985	0.13487689396921512	0.16839986813113866	0.07174181359125098	0.16473879146155704
0.7049999999999985	0.006919911975164429	0.039831259320878575	-0.05885404744448797	0.03732675797752386
0.7106399999999985	-0.12031546766489432	-0.08952112509457087	-0.1857323172160436	-0.09074583348497482
0.7162799999999985	-0.24107671154516203	-0.21382015894819154	-0.3031332330353249	-0.21369907126985446
0.7219199999999985	-0.3499508105783645	-0.32750244540378737	-0.4057749857218539	-0.3260302505585356
0.7275599999999984	-0.4421065141259996	-0.42552695020827525	-0.48909093796409103	-0.4227597579753556
0.7331999999999984	-0.5135082761986471	-0.5035981312735096	-0.5494323361660972	-0.49965139757678406
0.7388399999999984	-0.5610924597959485	-0.5583537070276209	-0.5842275392698721	-0.5533974291413177
0.7444799999999984	-0.5828981300156008	-0.5875088775644103	-0.5920908430181596	-0.581760258822658
0.7501199999999983	-0.5781468837861892	-0.5899508400616751	-0.5728763326673139	-0.5836647413911985
0.7557599999999983	-0.5472685154590796	-0.5657797290419007	-0.5276747414750468	-0.5592373286178465
0.7613999999999983	-0.491871794718475	-0.5162945575641102	-0.4587539087826753	-0.5097907252028243
0.7670399999999983	-0.4146621232051737	-0.4439252258937779	-0.36944600023107704	-0.43775518138125324
0.7726799999999983	-0.3193102261071876	-0.35211408697984126	-0.2639870567671324	-0.3465599483525775
0.7783199999999982	-0.21027821739927766	-0.24515280449215462	-0.14731657021996503	-0.24047064147169123
0.7839599999999982	-0.09261125531958984	-0.12798220936249682	-0.024846546273600972	-0.12439019809407437
0.7895999999999982	0.02829550447194913	-0.005964468088863503	0.09778916689955305	-0.0036326967469190357
0.7952399999999982	0.14694391114454347	0.11536194909298392	0.214993690841157	0.11631954642051408
0.8008799999999981	0.2579824847690234	0.23053331925136286	0.321462196530126	0.23006451753605062
0.8065199999999981	0.3564474253804506	0.3344063727456222	0.41242164246151936	0.3325234297125839
0.8121599999999981	0.43798412754585847	0.422387620263313	0.48384435367632217	0.41916712449628246
0.8177999999999981	0.49903933286850455	0.49063609217319015	0.5326259034113328	0.48621587453136716
0.8234399999999981	0.5370154615152573	0.5362305603169958	0.556719463213441	0.5308037920728974
0.829079999999998	0.5503804439474563	0.5572939836984357	0.555220835521365	0.5511007144317338
0.834719999999998	0.5387284420011895	0.5530699049122164	0.5284006786890738	0.5463864119483615
0.840359999999998	0.5027891083812311	0.5239477316207882	0.4776828714903979	0.5170741551644666
0.845999999999998	0.4443853816730891	0.4714361656756236	0.40557042999115966	0.4646829849628941
0.851639999999998	0.36634214316038194	0.3980863856878384	0.3155227715654662	0.3917603476228358
0.8572799999999979	0.27235026679937535	0.30736884123497316	0.21179031075034338	0.3017589813756641
0.8629199999999979	0.16679257585673324	0.20350957762846716	0.09921427117438479	0.1988739725926099
0.8685599999999979	0.054539891055488655	0.09129378787375061	-0.016998877414782163	0.08784764813835029
0.8741999999999979	-0.0592733575293441	-0.024154294776457627	-0.13151786457303638	-0.026248640875974515
0.8798399999999978	-0.1694836342897742	-0.1376050554700291	-0.23913085846310464	-0.13824581943925615
0.8854799999999978	-0.27113222273126475	-0.2439600680808278	-0.33498232500756686	-0.24311093908605755
0.8911199999999978	-0.35968798876032343	-0.3384808901604365	-0.41479175791776324	-0.3361730139938572
0.8967599999999978	-0.4312489911409469	-0.4169998300633269	-0.4750444427720696	-0.4133307244169629
0.9023999999999978	-0.4827139857746401	-0.47610332713193093	-0.5131457720850926	-0.4712327679155198
0.9080399999999977	-0.5119163053974756	-0.5132798940284411	-0.5275323584385873	-0.5074229460945227
0.9136799999999977	-0.5177143598872312	-0.5270262311257387	-0.5177352173189853	-0.5204437280878528
0.9193199999999977	-0.500035012159883	-0.516907058678877	-0.48439251562168395	-0.5098939544718285
0.9249599999999977	-0.45986824765861756	-0.48356633386452935	-0.42921170276984566	-0.47643844783354405
0.9305999999999977	-0.39921377256756224	-0.4286897296114377	-0.35488315239029433	-0.4217694826052183
0.9362399999999976	-0.3209823463370891	-0.35492045013879137	-0.2649496381250833	-0.3485222377532606
0.9418799999999976	-0.22885668003572196	-0.2657325452834581	-0.1636379481647217	-0.26014841371696895
0.9475199999999976	-0.12711852292545653	-0.16526776881785635	-0.055660620775753816	-0.16075404775155433
0.9531599999999976	-0.020450036342487796	-0.05814362175618614	0.054002916689933095	-0.05490912765032907
0.9587999999999975	0.08628134783643097	0.05075853955667555	0.16033565641614828	0.05256218559605945
0.9644399999999975	0.18824471379151472	0.15651562201531327	0.25851222100234017	0.15680111203294625
0.9700799999999975	0.2808640021521551	0.2543850478256841	0.34411751904087917	0.2531336060222544
0.9757199999999975	0.3600230504891525	0.3400171203293454	0.4133449520990118	0.3372796198559386
0.9813599999999975	0.42224816182025715	0.40964800833185	0.4631652910285996	0.40554292327099895
0.9869999999999974	0.46486012024483253	0.46026480208867254	0.4914587480174607	0.4549730762088911
0.9926399999999974	0.48608902092297607	0.4897354203158354	0.49710450915571286	0.4834924751619485
0.9982799999999974	0.48514701818722417	0.49689778886220426	0.48002397859459645	0.4899830250444297
1.0039199999999975	0.46225603969503226	0.48160459154165525	0.44117612703386544	0.4743288526728232
1.0095599999999976	0.4186295765329052	0.4447219254578786	0.3825055353404018	0.43741348872139735
1.0151999999999977	0.3564097447937447	0.38808228417534096	0.30684587783695644	0.38107201059468304
1.0208399999999977	0.27856282878700445	0.31439434757190565	0.21778360128650082	0.3080006654549772
1.0264799999999978	0.1887383691028575	0.22711398477426475	0.11948833417968653	0.2216283895858962
1.032119999999998	0.0910984676783067	0.13028259034230794	0.016518027298859872	0.1259563228741915
1.037759999999998	-0.009874724036864038	0.02834029826203785	-0.08639208375699631	0.025372811305206255
1.043399999999998	-0.10958444475707192	-0.07407730860315224	-0.1845469370899125	-0.0755475645508155
1.0490399999999982	-0.20352828862568692	-0.17234969977444778	-0.2735055512090692	-0.1722517453543443
1.0546799999999983	-0.2875012102882355	-0.26207956339493155	-0.3492816479568619	-0.2604133112576637
1.0603199999999984	-0.3577834304497247	-0.33928927208082355	-0.4085219427139497	-0.3361257352868289
1.0659599999999985	-0.41130485986893744	-0.40059688415485556	-0.4486541434524698	-0.39607515353754014
1.0715999999999986	-0.4457787902470809	-0.44336390750401344	-0.46799814522118516	-0.4376850265956282
1.0772399999999986	-0.45979905001784815	-0.4658083873567907	-0.46583563743090306	-0.4592263951711248
1.0828799999999987	-0.45289652345752607	-0.4670784930745015	-0.44243527663284776	-0.45988903477489346
1.0885199999999988	-0.4255528038219847	-0.4472835976486969	-0.3990326274259909	-0.4398106149509771
1.094159999999999	-0.3791707092569715	-0.40748178340180474	-0.3377661442517683	-0.4000628853202129
1.099799999999999	-0.31600334470945196	-0.34962468000424773	-0.26157246252200805	-0.342595856136745
1.105439999999999	-0.23904525556441203	-0.2764624571685189	-0.1740460983082323	-0.27014282726109745
1.1110799999999992	-0.15189090569529953	-0.19141356832182466	-0.07927023946704974	-0.18609086184070872
1.1167199999999993	-0.05856714911870795	-0.09840539434791315	0.018373422717470098	-0.09432282215359242
1.1223599999999994	0.036652512502198135	-0.0016931998691327138	0.11440697879260978	9.616817987881281E-4
1.1279999999999994	0.12944333294754368	0.09433426616173161	0.2044613777419014	0.09543818855606213
1.1336399999999995	0.21562546352272105	0.1853536573062584	0.28447491572749634	0.18485337091441703
1.1392799999999996	0.29135195123479446	0.26730140316987894	0.35087613248240307	0.2652162415592132
1.1449199999999997	0.35328015057482887	0.3365548431451152	0.400742893477052	0.3329759957840192
1.1505599999999998	0.3987189253521035	0.3900920593928844	0.43193058755512753	0.38517857985536263
1.1562	0.4257451743617748	0.42562337171787057	0.44316383480291927	0.41959509630033726
1.16184	0.4332846552894321	0.44168878980043286	0.4340878086591597	0.43481648250768934
1.16748	0.4211537376741176	0.437717297715428	0.4052771497699176	0.43031046436797876
1.1731200000000002	0.39006051125510516	0.4140455986572302	0.3582024000642068	0.4064385197284338
1.1787600000000003	0.3415655282320726	0.3718957939132524	0.2951558243401465	0.364432407716551
1.1844000000000003	0.27800428258838084	0.31331332543282076	0.21914032494148852	0.30633164666647333
1.1900400000000004	0.2023752443081244	0.24106829211848232	0.13372680978795526	0.2348850730579662
1.1956800000000005	0.11819879434615815	0.15852487653502448	0.04288677105214521	0.1534212082769473
1.2013200000000006	0.029353679940957552	0.06948501897859428	-0.04919209055579679	0.06569352848588701
1.2069600000000007	-0.060101426296568554	-0.02198641156514981	-0.1382986492741487	-0.024292184437845567
1.2126000000000008	-0.1461130672445247	-0.1117469230085444	-0.22039068285068475	-0.11246048259995133
1.2182400000000009	-0.22481640886703527	-0.19576374663034074	-0.29177797429082264	-0.19485056728693234
1.223880000000001	-0.29270862797445363	-0.2702947631438295	-0.34928790523446285	-0.2677939557082051
1.229520000000001	-0.3468045140613156	-0.33205490308697616	-0.3904061237245767	-0.3280775418944335
1.2351600000000011	-0.384767386888784	-0.37836063482933496	-0.41338606505092995	-0.3730848167768936
1.2408000000000012	-0.40500960441513334	-0.40724619938689305	-0.41732257468367384	-0.4009090553030482
1.2464400000000013	-0.40675835824690365	-0.41754657473348494	-0.40218655779732854	-0.4104335921005768
1.2520800000000014	-0.39008405958386716	-0.4089436915507585	-0.3688193824560479	-0.4013758302812946
1.2577200000000015	-0.3558903335064343	-0.3819741062834213	-0.31888760993463583	-0.3742932901238945
1.2633600000000016	-0.30586638491132534	-0.337998088916081	-0.25480043129321805	-0.33055172953030104
1.2690000000000017	-0.24240419619772452	-0.279131822573746	-0.1795938721418209	-0.27225707802421073
1.2746400000000018	-0.1684845885422793	-0.20814606154162843	-0.09678731171227128	-0.20215454367896796
1.2802800000000019	-0.08753755515555428	-0.12833607995500534	-0.010219081749258244	-0.12349970552949914
1.285920000000002	-0.0032833955637603094	-0.04336899954535499	0.07613118820504648	-0.03990762853801969
1.291560000000002	0.08043800394075945	0.04288444337325463	0.15832526842493108	0.04481301933110986
1.2972000000000021	0.15984192146052195	0.12652598560273343	0.2326456936077001	0.12683324814778724
1.3028400000000022	0.2313696408423759	0.20380577993671375	0.29576363684672774	0.20247655280042773
1.3084800000000023	0.29184768296301894	0.2712902631843392	0.3448877241120566	0.26838345772194366
1.3141200000000024	0.33862831441336616	0.32601444571543325	0.3778871498417609	0.32166044677111544
1.3197600000000025	0.36970512590341925	0.36561188019652924	0.39338367930253315	0.3600066885385678
1.3254000000000026	0.38379865119525625	0.38841662642392855	0.3908085857936211	0.3818130214003422
1.3310400000000027	0.38040839393660547	0.39353283624422525	0.3704222019417876	0.38622895783308386
1.3366800000000028	0.3598291794423973	0.3808690766133625	0.33329548850605384	0.3731949434997644
1.3423200000000028	0.32313137988393825	0.3511361210614919	0.2812547618748469	0.34343869541219885
1.347960000000003	0.27210620000009883	0.30580859659727017	0.21679239339743228	0.2984360725345799
1.353600000000003	0.20917878212198301	0.24705249936730836	0.14294782407886247	0.24033852773585856
1.3592400000000031	0.1372933234132576	0.17762211511448248	0.06316455827424365	0.17187068035618427
1.3648800000000032	0.05977563098073048	0.1007312318259522	-0.018870148727279448	0.09620286746980432
1.3705200000000033	-0.019820482259171684	0.019904652360504736	-0.09939545777699028	0.016804621116780723
1.3761600000000034	-0.09787587852341904	-0.06118314439278951	-0.1747491253996048	-0.0627141689287049
1.3818000000000035	-0.1708704169608473	-0.13887481984608774	-0.24153382374575183	-0.1387671462880461
1.3874400000000036	-0.23554146622499494	-0.2096949066689858	-0.2967700585035349	-0.2079530028318029
1.3930800000000036	-0.2890294809002745	-0.27050504502295153	-0.33802881342656493	-0.26720735385144057
1.3987200000000037	-0.3290041579545161	-0.318642801037596	-0.3635380294717756	-0.3139382030701645
1.4043600000000038	-0.35376562072682927	-0.352037939052841	-0.3722582669735351	-0.3461390212561431
1.410000000000004	-0.36231625305643933	-0.3693010837188607	-0.36392434214940345	-0.36247451953013615
1.415640000000004	-0.3544001698623209	-0.3697809925074279	-0.3390513071027195	-0.36233546909002107
1.421280000000004	-0.3305087995518269	-0.35358810391248724	-0.2989047822966371	-0.3458603440042943
1.4269200000000042	-0.2918525996636106	-0.3215835652178614	-0.24543727691318562	-0.3139230774690756
1.4325600000000043	-0.24030045970584948	-0.27533450609007604	-0.1811936714746439	-0.2680877555132562
1.4382000000000044	-0.17828979498423678	-0.21703783979812832	-0.10919041906521389	-0.21053255626753645
1.4438400000000045	-0.10871163737839265	-0.14941627462036688	-0.0327741846341188	-0.14394661106475615
1.4494800000000045	-0.0347761257816085	-0.07559144173126459	0.044533465155043694	-0.0714046550537557
1.4551200000000046	0.040135357708258886	0.0010599612027125563	0.11919812484892475	0.003774702613747529
1.4607600000000047	0.1126246058893301	0.07706039229219	0.18783391799289648	0.07818056717860523
1.4664000000000048	0.1794305172495944	0.1489890199417795	0.24735681245859736	0.1484642912341751
1.472040000000005	0.2375755768554079	0.2136354811357281	0.2951229515519521	0.2114899609501184
1.477680000000005	0.28449831820690574	0.2681429422360675	0.3290458076248447	0.264474082824585
1.483320000000005	0.31816588452471617	0.3101340975671828	0.3476869801426058	0.3051082593512703
1.4889600000000052	0.3371617561481552	0.33781456027848616	0.35031670362583844	0.33165945884021686
1.4946000000000053	0.3407448745429645	0.35004916272892245	0.3369415440485293	0.34304353817066974
1.5002400000000053	0.32887771842144625	0.34640794010007786	0.3082982793143904	0.3388689180788181
1.5058800000000054	0.3022223123994948	0.3271799629553941	0.265814510310079	0.3194486812429519
1.5115200000000055	0.262104608156958	0.2933546482055614	0.21153806271717185	0.285780801080416
1.5171600000000056	0.21044910589462987	0.24657164686737457	0.1480386474828304	0.23949764845550373
1.5228000000000057	0.14968691562943165	0.18904181485795837	0.07828648620877897	0.18278729950668457
1.5284400000000058	0.0826416340442203	0.12344305686550223	0.005513621554794512	0.11829041900077242
1.5340800000000059	0.01239838123742533	0.05279593618648985	-0.06693562241789328	0.04897756459760896
1.539720000000006	-0.05783793935905328	-0.019675182972491614	-0.13575812107459329	-0.02198739868098801
1.545360000000006	-0.12488865592493958	-0.09068908743956497	-0.1978423370993658	-0.09139150386842448
1.5510000000000062	-0.18574497520190875	-0.15705607326017193	-0.25040877806471296	-0.1561179441918475
1.5566400000000062	-0.23770277948158838	-0.2158210113479049	-0.29113419343086094	-0.2132858337890313
1.5622800000000063	-0.2784825446111162	-0.2643947131256592	-0.31825397269099015	-0.26037820953946933
1.5679200000000064	-0.30632907213964555	-0.3006677665154848	-0.33063824478175163	-0.2953525969517289
1.5735600000000065	-0.3200866852093074	-0.32310184871375813	-0.3278384143924858	-0.31672929476804784
1.5792000000000066	-0.31924668342779455	-0.33079457678750374	-0.31010224550028076	-0.3236535764612266
1.5848400000000067	-0.3039651333686134	-0.3235151809889621	-0.2783570525073729	-0.3159292133578377
1.5904800000000068	-0.27505042943764724	-0.30170962230751464	-0.23416201800457576	-0.29402203801523197
1.5961200000000069	-0.23392143253683007	-0.2664751640211406	-0.17963205680694935	-0.259033627604852
1.601760000000007	-0.18253831900461462	-0.21950578388811254	-0.11733692505742133	-0.21264653366074213
1.607400000000007	-0.12330949013527266	-0.1630111171560308	-0.05018037346618533	-0.157043756039835
1.6130400000000071	-0.058978948926304994	-0.09961279257575154	0.01873498364046354	-0.09480629858281236
1.6186800000000072	0.0075006009265533935	-0.032223012295317224	0.08625080486405852	-0.028793601434294096
1.6243200000000073	0.07310307508737321	0.036089011251888146	0.1492975696229463	0.037987621430286715
1.6299600000000074	0.1348665553445291	0.102236645138159	0.20503393086305025	0.10252013249636512
1.6356000000000075	0.1900268200368242	0.16325511254492028	0.25097455532815643	0.16191229810353794
1.6412400000000076	0.2361408473534355	0.21643418031990874	0.2851007093434694	0.21352746014870935
1.6468800000000077	0.2711947831325298	0.25943832803744743	0.305948680731287	0.25510077312603086
1.6525200000000078	0.29369161242895786	0.2904090800815711	0.3126721775644949	0.2848383390756237
1.6581600000000078	0.3027147311800575	0.30804502818119767	0.30507606234079016	0.30149431264262283
1.663800000000008	0.29796473576259114	0.3116561126942273	0.283620108933122	0.30442267647398497
1.669440000000008	0.27976798201889336	0.3011899183088961	0.2493928478346273	0.29360155573888913
1.6750800000000081	0.2490567546899119	0.2772290190285819	0.20405692949674265	0.26962919583285566
1.6807200000000082	0.20732217432423974	0.24095971994417098	0.14976872381813083	0.23369201202164286
1.6863600000000083	0.1565421934543186	0.19411382994167095	0.0890760279003209	0.18750637573728693
1.6920000000000084	0.09908814221237706	0.13888630234712815	0.024798722447373633	0.13323697305667795
1.6976400000000085	0.03761422637749587	0.07783264601305981	-0.04010204305942569	0.0733956044655269
1.7032800000000086	-0.025064883229361106	0.013750890550593956	-0.1026600769819256	0.010725145836493574
1.7089200000000087	-0.0861027336865398	-0.05044645196315083	-0.1600395254770614	-0.05192597826631731
1.7145600000000087	-0.1427501706429394	-0.11186457836030508	-0.2096632354150074	-0.1117330730001337
1.7202000000000088	-0.19247897162043737	-0.1677567472236592	-0.24932829883861266	-0.16602234428727347
1.725840000000009	-0.2330944806525004	-0.21564693160505677	-0.27730360826848033	-0.2123902454396679
1.731480000000009	-0.26283223563021985	-0.25343930326486597	-0.2924051138283139	-0.24880968098401515
1.737120000000009	-0.28043434468328776	-0.27950971671848773	-0.29404552463514166	-0.27371838457612574
1.7427600000000092	-0.285202318752018	-0.2927752108122538	-0.28225638869255804	-0.286085629219062
1.7484000000000093	-0.2770241596720439	-0.2927385678164874	-0.257681762154443	-0.2854544357945285
1.7540400000000094	-0.25637468602400904	-0.279506117676126	-0.22154398137171025	-0.2719575734053995
1.7596800000000095	-0.22428929842578466	-0.25377819537845747	-0.17558331995869642	-0.24630684041140474
1.7653200000000095	-0.18231258638109588	-0.21681289680169114	-0.12197449059201665	-0.20975632387713777
1.7709600000000096	-0.13242430607060557	-0.1703649769830286	-0.0632239843797125	-0.16404150282888277
1.7766000000000097	-0.07694626215352042	-0.11660284076669153	-0.0020530834142766657	-0.11129713491557333
1.7822400000000098	-0.018434462314869244	-0.0580075401319864	0.05872800239963566	-0.05395779910584482
1.78788000000001	0.04043845551580951	0.002741527196713025	0.11634906125947768	0.005354282009365325
1.79352000000001	0.0970051235471295	0.06288896071847881	0.1682059613378633	0.06394898029762602
1.79916000000001	0.14872412019303424	0.11972816343411881	0.2119781582848508	0.11919010105939047
1.8048000000000102	0.19329397021529213	0.1707229660211444	0.24573233454985355	0.16861381249072444
1.8104400000000103	0.22875536355535483	0.21362061136075366	0.2680075513269208	0.2100383531791717
1.8160800000000104	0.25357706195053953	0.24655107427790646	0.27787817397103454	0.2416601410696208
1.8217200000000104	0.26672173732253984	0.26810834688225094	0.2749918754295529	0.2621320596088978
1.8273600000000105	0.26768892454091664	0.2774101672396014	0.2595811806671665	0.27062053428228405
1.8330000000000106	0.2565333296970071	0.2741336685548573	0.23244823447130386	0.26683899624443147
1.8386400000000107	0.2338578645981851	0.2585255313573593	0.19492369928724676	0.2510564137053778
1.8442800000000108	0.20078192711225776	0.23138638169039202	0.14880186294982362	0.22408070647915435
1.849920000000011	0.15888656310318144	0.19403034126987634	0.0962551052238317	0.1872179930662434
1.855560000000011	0.11013917875501647	0.14822174854977563	0.03973178898374097	0.1422097016993361
1.861200000000011	0.056801375999142686	0.09609208283609129	-0.018157633979596695	0.09115055856238605
1.8668400000000112	0.001324218675392104	0.040040992139326895	-0.07476101265951857	0.036391304433791585
1.8724800000000112	-0.0537642289228965	-0.017373988667185227	-0.12750583761240014	-0.019569351327411923
1.8781200000000113	-0.10597393889062996	-0.07355396908924272	-0.174015988813339	-0.07419858144343758
1.8837600000000114	-0.15296530482019427	-0.12597618146997058	-0.2122185999706913	-0.12504391608257703
1.8894000000000115	-0.19265381034133916	-0.1723071035058455	-0.2404362414602178	-0.16984317638252727
1.8950400000000116	-0.223302306447411	-0.21050615975169007	-0.2574603318371484	-0.20662494583349333
1.9006800000000117	-0.24359682156391274	-0.23891540158537314	-0.2626025767062642	-0.2337951253408365
1.9063200000000118	-0.2527026065468087	-0.25633123337002706	-0.2557222615905379	-0.25020578099808694
1.9119600000000119	-0.2502980379870252	-0.2620550928187618	-0.23722834434024745	-0.25520332241911564
1.917600000000012	-0.2365850244973247	-0.2559209666029636	-0.20805645079445217	-0.2486540052046394
1.923240000000012	-0.21227563503697747	-0.2382986831429019	-0.169622021690448	-0.23094578964174475
1.9288800000000121	-0.1785557467353369	-0.21007302476390224	-0.12375193711316945	-0.2029666615661535
1.9345200000000122	-0.13702754326891448	-0.17259979108620133	-0.07259790840701398	-0.16606058175442343
1.9401600000000123	-0.08963363721227921	-0.12764097560398494	-0.018535733375423552	-0.12196322955124239
1.9458000000000124	-0.038566399009601626	-0.07728214193362852	0.035944876755936064	-0.07272060010677066
1.9514400000000125	0.013833284246035336	-0.023835864327718802	0.08835479716470263	-0.02059426315464569
1.9570800000000126	0.06518315280949818	0.030264305163849134	0.1363190574991642	0.03204233788452696
1.9627200000000127	0.11316772424018011	0.0825744885794467	0.1776843037177382	0.08281179884896156
1.9683600000000128	0.155642546574789	0.13075072865376566	0.21061529874199886	0.1294399803890286
1.9740000000000129	0.1907298679801703	0.1726538636310735	0.23367614547030485	0.1698577169966423
1.979640000000013	0.21690146252094894	0.20644434499952227	0.24589264689761878	0.20229246786429889
1.985280000000013	0.2330449674136338	0.23066280308605366	0.24679310709271363	0.22534585788142178
1.9909200000000131	0.23851086284342388	0.24429284092273967	0.23642588178616336	0.23805372578337328
1.9965600000000132	0.23313812469209372	0.24680336560758745	0.21535306154868333	0.23992611234360608
2.002200000000013	0.21725756166683627	0.23816870996796022	0.18462076442805356	0.2309655465749057
2.007840000000013	0.19167286626460472	0.21886581225463256	0.145707578397137	0.21166297959441746
2.0134800000000133	0.15762041738696272	0.18984876153710625	0.10045367876151443	0.18297172886110302
2.0191200000000133	0.11670982567717575	0.15250203436062348	0.05097400747110238	0.14626078406456544
2.0247600000000134	0.0708480680879223	0.10857469835133958	-4.4039827365446177E-4	0.10324974565430774
2.0304000000000135	0.022150777880619102	0.06009869852174299	-0.05142833231817586	0.05592847693232074
2.0360400000000136	-0.02715519126787073	0.009295035031176044	-0.09966671025139152	0.006465215151992763
2.0416800000000137	-0.07483344676985156	-0.041527842985744745	-0.1429762647757645	-0.042892622623172276
2.047320000000014	-0.11873934804700804	-0.09007878605677783	-0.1794198436407924	-0.08992040775543456
2.052960000000014	-0.15691632584006773	-0.13418708887833922	-0.20738888351377133	-0.13251642249930318
2.058600000000014	-0.1876829109314712	-0.17189939375643196	-0.22567420765266336	-0.1687956371309849
2.064240000000014	-0.20970660870167648	-0.20156603387284094	-0.23351804095975304	-0.19717296438338075
2.069880000000014	-0.22206138251038546	-0.22191300728796928	-0.23064501755296984	-0.21643232180495278
2.0755200000000142	-0.2242662768968687	-0.23209645030539738	-0.21727093209722692	-0.22577850200710506
2.0811600000000143	-0.2163035851269579	-0.23173729236023688	-0.19408901150627308	-0.2248696500072833
2.0868000000000144	-0.19861590429071588	-0.22093468621210474	-0.1622345110819503	-0.21382903893420296
2.0924400000000145	-0.17208238196522707	-0.2002577750581929	-0.12322942180555707	-0.19323577927134608
2.0980800000000146	-0.13797539773839756	-0.1707163381619423	-0.07890996885357807	-0.1640950495992449
2.1037200000000147	-0.09789979830658316	-0.13371180444704006	-0.031340345421369396	-0.12778935542526754
2.109360000000015	-0.05371757730847236	-0.0909709967601983	0.017283273234142395	-0.08601316601617966
2.115000000000015	-0.007461526413404677	-0.04446572938188074	0.06473397910257397	-0.04069400975331828
2.120640000000015	0.03875814520180651	0.003678005499723283	0.10885598271840732	0.006096305624184615
2.126280000000015	0.08284993994416036	0.05127708672388942	0.14766241446477626	0.052236265689849806
2.131920000000015	0.12283557666359388	0.09619012465294445	0.17942464545845926	0.09565070427999266
2.1375600000000152	0.1569386073511322	0.13641366253026962	0.20274911955056749	0.13440399784773663
2.1432000000000153	0.18366318271348775	0.1701714030527295	0.2166382894975362	0.16678622017568176
2.1488400000000154	0.20185948154808214	0.1959924928805584	0.22053300257337485	0.19138842934546552
2.1544800000000155	0.2107729505905755	0.21277542227460225	0.21433454829381018	0.20716377959304721
2.1601200000000156	0.2100752572809866	0.219834772585809	0.19840552301822797	0.2134718163551987
2.1657600000000157	0.19987570248685452	0.2169288392843647	0.17354963941028131	0.2101040922576848
2.1714000000000158	0.18071273469013213	0.20426703583068234	0.14097156842128647	0.19729009895182859
2.177040000000016	0.15352611060377616	0.1824969037459567	0.10221880393101965	0.17568340530222015
2.182680000000016	0.11961111867319149	0.15267147492787786	0.05910834471293476	0.14632878577445851
2.188320000000016	0.08055708225382277	0.11619861206951862	0.013641659050388423	0.11061197370639612
2.193960000000016	0.03817305279337644	0.07477475263777862	-0.03208809542525199	0.07019444444773208
2.199600000000016	-0.005595840438757085	0.030306165838933724	-0.07599230212742272	0.02693628903516997
2.2052400000000163	-0.048757522703722675	-0.015178629579403639	-0.11608214810920217	-0.017189248509869623
2.2108800000000164	-0.08936350997669402	-0.059621269093918274	-0.15055857990946275	-0.060185649971957314
2.2165200000000165	-0.12559674015781316	-0.10102656441132755	-0.17789289012853274	-0.10012332987587383
2.2221600000000166	-0.15585274615500422	-0.1375519455947739	-0.19689433181856403	-0.13522610062890342
2.2278000000000167	-0.17881055098299453	-0.16758931960170184	-0.20676177814031038	-0.1639500273079607
2.2334400000000167	-0.19349015945341108	-0.18983571488401263	-0.20711719628759212	-0.18505117771289395
2.239080000000017	-0.1992941529121912	-0.2033496157723925	-0.1980195520851132	-0.19763930204538258
2.244720000000017	-0.1960316331037521	-0.2075905598093646	-0.17995866550187578	-0.2012151347847169
2.250360000000017	-0.18392357426152875	-0.20244034476734907	-0.15382945590530586	-0.19568976830005874
2.256000000000017	-0.1635894915527061	-0.18820503409827277	-0.12088790718110971	-0.18138536854082815
2.261640000000017	-0.13601618032505852	-0.16559782151527572	-0.08269090640862262	-0.15901735026128316
2.2672800000000173	-0.10251008593524508	-0.13570367776315725	-0.041022828569113975	-0.12965896425605972
2.2729200000000174	-0.06463559216479177	-0.09992751659455533	0.0021876781932036113	-0.0946900344573628
2.2785600000000175	-0.02414213501805353	-0.05992834622251841	0.04495683241719023	-0.05573228345889718
2.2842000000000175	0.017116469074150646	-0.017542484860328257	0.08533667021197794	-0.014574270171341728
2.2898400000000176	0.057266766671005345	0.02530061229693912	0.12150364300352583	0.026910592576036976
2.2954800000000177	0.09450061414696084	0.06666606214763346	0.15184083824030453	0.06684918848622635
2.301120000000018	0.1271564817906965	0.10470081723175069	0.17501012193147086	0.10345315156217468
2.306760000000018	0.1537934650072532	0.13771655358404963	0.19001099098668273	0.13509882088200897
2.312400000000018	0.1732547120305966	0.16426448089950402	0.19622355511384493	0.1603991274380741
2.318040000000018	0.1847174831481393	0.1831987662772504	0.19343381255483047	0.17826423650797152
2.323680000000018	0.18772768398667142	0.19372580212465537	0.1818402063377213	0.18794830151363315
2.3293200000000183	0.18221743552317943	0.19543720871465955	0.16204130985779538	0.18908033275566227
2.3349600000000184	0.1685050228249521	0.18832521170060262	0.13500535281723106	0.18167791667010738
2.3406000000000184	0.1472773673411132	0.1727798400958047	0.10202312151374215	0.16614330464656202
2.3462400000000185	0.11955595733881434	0.14956821408735912	0.06464651393171995	0.14324218923744717
2.3518800000000186	0.08664791216412639	0.11979699728991465	0.02461566660126161	0.11406626363869385
2.3575200000000187	0.05008451526407338	0.08485983850374743	-0.016221931422720014	0.0799813827171063
2.363160000000019	0.011550099157650564	0.04637229032397063	-0.05599658349572496	0.04256377847414841
2.368800000000019	-0.02719542112479949	0.006097236893748687	-0.09290187061495973	0.0035273017605097793
2.374440000000019	-0.06439680881811707	-0.034135732937896617	-0.12527657377414345	-0.03535495717872
2.380080000000019	-0.09838290540731276	-0.07251332490437726	-0.1516793236851684	-0.07233109020169398
2.385720000000019	-0.12764158332877198	-0.10732015093711599	-0.17095262926425947	-0.10574919233242104
2.3913600000000192	-0.15088689517262782	-0.13701528513263497	-0.18227344736859838	-0.1341310413020466
2.3970000000000193	-0.1671154434804704	-0.16030035285866195	-0.18518809278693238	-0.15623735472262856
2.4026400000000194	-0.17564950714862088	-0.1761761503004438	-0.179630019400339	-0.1711217501279801
2.4082800000000195	-0.17616507973770287	-0.183985332403362	-0.1659197965876792	-0.17817106555700069
2.4139200000000196	-0.16870367275825848	-0.18343935455252497	-0.14474742268037144	-0.17713033213536186
2.4195600000000197	-0.15366748103567165	-0.1746285774215246	-0.1171379220677162	-0.16811139584155804
2.42520000000002	-0.13179826350836135	-0.1580152119766933	-0.08440192779840536	-0.1515849309257327
2.43084000000002	-0.10414102695619368	-0.1344095576980968	-0.04807362314776736	-0.1283563383630412
2.43648000000002	-0.07199427914456617	-0.10493073662311306	-0.009838973640090835	-0.09952674536486955
2.44212000000002	-0.0368492114202698	-0.0709538152535196	0.028542399132121955	-0.0664409839850612
2.44776000000002	-3.206527362885138E-4	-0.034045805087137	0.06531808692967411	-0.030624998881476927
2.4534000000000202	0.035927013494770725	0.0041064857350382135	0.09882279597179071	0.006284408743518685
2.4590400000000203	0.07025557615726839	0.04177343323047264	0.12755364168557567	0.04261427177759148
2.4646800000000204	0.10112692629547833	0.07726090265014576	0.15023743799225617	0.07673117912708896
2.4703200000000205	0.12717185872549508	0.1089863375627229	0.1658869741588564	0.10711460647000104
2.4759600000000206	0.14725067307158757	0.13554922043550635	0.17384379848148776	0.13242456864258073
2.4816000000000207	0.16050289788663785	0.15579277277598594	0.17380566333446718	0.15156058887739346
2.4872400000000208	0.1663839754229184	0.16885418244774614	0.16583750057047617	0.1637093957341222
2.492880000000021	0.1646873522367226	0.17420118429206186	0.1503655566664315	0.16837928759405416
2.498520000000021	0.15555109388113045	0.17165345246019478	0.12815508831876876	0.16541972226190127
2.504160000000021	0.13944884947457772	0.16138795965170602	0.10027276612134187	0.15502536697280137
2.509800000000021	0.11716570162893053	0.14392818784335168	0.06803562262123458	0.13772455089715147
2.515440000000021	0.08976011694281906	0.1201178039453252	0.032948980481033896	0.1143527659697812
2.5210800000000213	0.058513831493854376	0.09108010928571114	-0.003363719964886547	0.08601253083710934
2.5267200000000214	0.024872036961482984	0.058165202812568144	-0.03923592793553854	0.05402153703266157
2.5323600000000215	-0.009623347148240301	0.022887336479682347	-0.07303436359905761	0.019851509428465346
2.5380000000000216	-0.043404239324141815	-0.01314463610406701	-0.10323327768059248	-0.014939387826599261
2.5436400000000217	-0.07494757523931053	-0.04830052816869386	-0.12848321776785646	-0.048777500365552985
2.5492800000000218	-0.10284387394823266	-0.08100247336546347	-0.14767120709417125	-0.08014476174396325
2.554920000000022	-0.12586010908071538	-0.10979564124444463	-0.15996965786315884	-0.10764669481452305
2.560560000000022	-0.14299408568791186	-0.13341285002934525	-0.16487187636095688	-0.130074294940662
2.566200000000022	-0.15351793046777415	-0.15083021209298794	-0.16221264582214945	-0.14645705392008754
2.571840000000022	-0.15700881514584555	-0.16131137430780254	-0.15217306584821544	-0.1561048049387458
2.577480000000022	-0.15336562578942667	-0.16443844875087824	-0.13526955200319649	-0.15863659153451182
2.5831200000000223	-0.14281093729628241	-0.1601283442037038	-0.11232762270556121	-0.1539953630394596
2.5887600000000224	-0.1258783225334926	-0.1486338771389143	-0.08444178969713659	-0.14244794764341268
2.5944000000000225	-0.1033856890823391	-0.1305297318872554	-0.05292349202607347	-0.12457042243701856
2.6000400000000226	-0.0763959632983591	-0.10668402209956092	-0.019239543692958314	-0.10121965726418326
2.6056800000000226	-0.04616700335353186	-0.07821684876605862	0.01505602157633363	-0.07349242638304364
2.6113200000000227	-0.014093095181137487	-0.04644782524598054	0.04839354648520652	-0.04267403129800221
2.616960000000023	0.018359252854506	-0.012835021600521945	0.07925949329325335	-0.01017883545659482
2.622600000000023	0.049718264677848276	0.021091851974153742	0.10626505928972477	0.022514543077455373
2.628240000000023	0.07857354816681666	0.05380096531655105	0.12820855857749452	0.05393041603642617
2.633880000000023	0.10363942971829114	0.0838274369602703	0.14412877310950967	0.08266253812089239
2.639520000000023	0.12381213216859072	0.10983884135498759	0.153346910078559	0.10743695533448919
2.6451600000000233	0.13821825812149335	0.1306942297335249	0.155495341301797	0.12716838414861523
2.6508000000000234	0.14625245475701187	0.1454940551199445	0.15053191776649802	0.14100763135446623
2.6564400000000234	0.14760264299053144	0.15361882253245862	0.1387393202125345	0.1483779884051576
2.6620800000000235	0.14226176973731808	0.15475481082835021	0.12070959365748393	0.14899904775609454
2.6677200000000236	0.13052566038991473	0.1489058084360447	0.09731468862183383	0.1428969682942611
2.6733600000000237	0.11297718110696928	0.1363904440104866	0.06966446378889901	0.1304008357458107
2.679000000000024	0.09045753840221823	0.1178253456982601	0.039054165440092825	0.11212539375061145
2.684640000000024	0.06402611896552357	0.09409499967915465	0.00690386322612855	0.0889410336072867
2.690280000000024	0.03491077994411704	0.06630977137057603	-0.02530733075082265	0.061932498054672644
2.695920000000024	0.004450916653626998	0.03575407476996536	-0.05610921688847421	0.0323482516446973
2.701560000000024	-0.025964057253357712	0.0038271038892637344	-0.08410751926689893	0.0015428754229183442
2.7072000000000243	-0.05495799582155608	-0.028021143473919236	-0.10804690296462695	-0.02908486076304255
2.7128400000000243	-0.08123019457236604	-0.05835562865634596	-0.12686715374910018	-0.05815542140972738
2.7184800000000244	-0.10361364718653344	-0.08582084321361304	-0.13975001084337743	-0.0843705522986112
2.7241200000000245	-0.12112678020934228	-0.10920128680675957	-0.14615458978173815	-0.10657116466697773
2.7297600000000246	-0.13301637713217693	-0.12747515787389951	-0.1458398692790514	-0.12378848009925436
2.7354000000000247	-0.13878982046021482	-0.13985889022439893	-0.13887331833835395	-0.13528618416969376
2.741040000000025	-0.13823527895223536	-0.14584059996693421	-0.12562537950973454	-0.14059176034132786
2.746680000000025	-0.13142902389307942	-0.14520102231540885	-0.10675017180839602	-0.13951567814629962
2.752320000000025	-0.11872964736856614	-0.1380210929270751	-0.08315340268999769	-0.13215766794642267
2.757960000000025	-0.10075955013269572	-0.12467593711844122	-0.05594905428077636	-0.11889990298119887
2.763600000000025	-0.07837463983209295	-0.105815644873751	-0.02640690889209518	-0.10038750118106357
2.7692400000000252	-0.052623706315765593	-0.08233380225813919	0.004106619491705866	-0.07749732764731053
2.7748800000000253	-0.024699396087331616	-0.0553252941274466	0.03419159512776153	-0.051296598334962654
2.7805200000000254	0.004116927383981828	-0.02603536473503426	0.06247870112708571	-0.02299323328257212
2.7861600000000255	0.03251389255840384	0.00419769871985903	0.08769147603843286	0.006119735900815599
2.7918000000000256	0.059209712038606074	0.034003625703237374	0.1087038217492654	0.03472314999107486
2.7974400000000257	0.08300995395623825	0.062042183210359	0.12459019613371226	0.061531410828643995
2.8030800000000258	0.10286089266215703	0.08706335453618874	0.13466625809872537	0.08535017778953558
2.808720000000026	0.1178960599456373	0.10796297770419976	0.13851818595784893	0.1051294865830331
2.814360000000026	0.12747394497266962	0.1238313712086134	0.1360194209321884	0.12000993205983174
2.820000000000026	0.13120520831412416	0.13399281029923887	0.12733417120470658	0.12935988837332532
2.825640000000026	0.12896826322093052	0.13803414629297106	0.11290762129043994	0.13280216021310098
2.831280000000026	0.12091261304845355	0.1358213642445355	0.09344339852587237	0.13022894825772005
2.8369200000000263	0.10744989280156345	0.1275034275046536	0.0698694255458844	0.1218045478515187
2.8425600000000264	0.08923311967473767	0.11350333590324259	0.04329380861326114	0.10795575766401035
2.8482000000000265	0.067125187011325	0.0944969012571486	0.014952853265050973	0.0893505294163641
2.8538400000000266	0.042158114557892964	0.0713802936177116	-0.013846358579427787	0.06686591569112703
2.8594800000000267	0.015484974003011971	0.045227909577448454	-0.041786166996261476	0.041546846893281586
2.8651200000000268	-0.01167327522982425	0.01724253801047564	-0.06759853927763634	0.014557669644704112
2.870760000000027	-0.038083592689793395	-0.011299869706494946	-0.09012253492390428	-0.012871310235284868
2.876400000000027	-0.0625567590589909	-0.03910829288082404	-0.10835643007807025	-0.03949982977536872
2.882040000000027	-0.08400084299534012	-0.06493495683544513	-0.12150216530328106	-0.06413367044786912
2.887680000000027	-0.10146983257101344	-0.08763123989331799	-0.1290001493354903	-0.08567813428600651
2.893320000000027	-0.1142052694674245	-0.10619867078670096	-0.13055290702683078	-0.10318660362711894
2.8989600000000273	-0.12166905824902584	-0.11983275626022608	-0.12613658065671257	-0.1159020344449645
2.9046000000000274	-0.1235660372133006	-0.12795771962430472	-0.11599985584033205	-0.12328956910213013
2.9102400000000275	-0.11985537211182781	-0.1302506558354414	-0.10065046043824769	-0.12505886932458563
2.9158800000000276	-0.11075034747867876	-0.12665409752281157	-0.08082995071139129	-0.12117524492923244
2.9215200000000277	-0.09670665883802877	-0.11737651670605476	-0.05747802774498424	-0.11185916643746774
2.9271600000000277	-0.07839982865041736	-0.10288083452514267	-0.03168809504834598	-0.09757427676698416
2.932800000000028	-0.05669285605363586	-0.08386155130998088	-0.004656154358450466	-0.0790045348298273
2.938440000000028	-0.03259564347235647	-0.06121161747217726	0.02237457593820296	-0.057021608813283636
2.944080000000028	-0.007218102851115402	-0.035980619348170685	0.04817075903064792	-0.032644067578236693
2.949720000000028	0.018280885077078892	-0.009326233241064236	0.07156513573420922	-0.006990275994939387
2.955360000000028	0.04274631496881637	0.01753881100538436	0.09150926140880533	0.018772831377039466
2.9610000000000283	0.06507929830955371	0.04340183078311437	0.10712040482852153	0.043482755467551475
2.9666400000000284	0.08428634266580397	0.06710485576376514	0.11772051526498159	0.06603381253024948
2.9722800000000285	0.09952346244420111	0.08759639644345586	0.1228655425039454	0.08542653191874414
2.9779200000000285	0.11013316660730466	0.10397800535456549	0.12236384824422605	0.1008118684594146
2.9835600000000286	0.1156727069742491	0.11554357303194468	0.11628295503291958	0.11152827755964334
2.9892000000000287	0.1159323793308804	0.12180964451865978	0.10494441697911758	0.1171300386624979
2.994840000000029	0.11094312952728493	0.12253546046292181	0.08890714016792796	0.11740562021365691
3.000480000000029	0.1009732068189029	0.11773190025182739	0.06894000511678627	0.11238533800492634
3.006120000000029	0.08651410448733675	0.10765901137542634	0.04598512500091437	0.10233804750875691
3.011760000000029	0.06825651066790517	0.09281232621073494	0.02111349010010231	0.08775710734138985
3.017400000000029	0.04705743857887152	0.07389867127379017	-0.004524917518339982	0.06933633283884724
3.0230400000000293	0.023900095091244283	0.051802642099094874	-0.029754219227931294	0.04793710429182607
3.0286800000000293	-1.5163738366775998E-4	0.02754532844958147	-0.053426497005725666	0.024548183864227437
3.0343200000000294	-0.024002002086244898	0.0022372114300579756	-0.07447394913593752	2.4011150436910016E-4
3.0399600000000295	-0.04657321700478015	-0.022972598324822843	-0.09195697816504211	-0.023883720425289624
3.0456000000000296	-0.06685410735072657	-0.04694846434945767	-0.10510604912342099	-0.04673708117213696
3.0512400000000297	-0.08394533026220281	-0.06861931063814966	-0.1133554573644269	-0.06729974047372224
3.05688000000003	-0.09709917253230492	-0.08702639566177392	-0.11636752922268746	-0.08466293964911376
3.06252000000003	-0.10575216409987545	-0.10136564661402034	-0.11404622689317384	-0.09806947170021149
3.06816000000003	-0.10954908939267281	-0.11102268834729105	-0.10653962052215712	-0.10694660652980621
3.07380000000003	-0.10835737939206927	-0.11559904544821038	-0.09423120270767453	-0.11093043414143819
3.07944000000003	-0.10227131085942376	-0.1149284057742043	-0.07772052989683917	-0.10988059708958753
3.0850800000000302	-0.09160590510610576	-0.10908229053106078	-0.05779415832565653	-0.10388482503903666
3.0907200000000303	-0.07688088573346583	-0.09836495865802579	-0.03538827733516172	-0.093253148812327
3.0963600000000304	-0.058795501769630776	-0.0832978599391954	-0.011544810638243159	-0.07850213762541991
3.1020000000000305	-0.03819542951876457	-0.06459441990917421	0.012636959841532194	-0.06032995029378652
3.1076400000000306	-0.016033315124946764	-0.04312636928304148	0.03605100488328829	-0.039583399030330785
3.1132800000000307	0.006675204972957359	-0.019883202254057722	0.05763506671832129	-0.01721857497871421
3.118920000000031	0.028897978716366936	0.004073354727569054	0.07641878129667479	0.0057431375136635385
3.124560000000031	0.049633184721381736	0.027657771970483264	0.09156722731071334	0.028261637624885805
3.130200000000031	0.06795442703600096	0.04980983746147973	0.1024179510865613	0.04932515491936433
3.135840000000031	0.08305205164389358	0.0695422499663025	0.1085098295542799	0.06799564129158353
3.141480000000031	0.09426884538310538	0.0859845509286856	0.10960251886126038	0.08345047461499525
3.1471200000000312	0.10112854706112508	0.09842144361253444	0.10568567564667829	0.09501862333558174
3.1527600000000313	0.1033559385488029	0.10632381630182494	0.09697761106919456	0.10220968584973557
3.1584000000000314	0.10088767467050898	0.10937112850538624	0.08391352252443508	0.10473455250043971
3.1640400000000315	0.09387343665044649	0.10746421900608627	0.06712392238783484	0.10251682579834809
3.1696800000000316	0.0826674351657635	0.10072803376514809	0.047404325509082246	0.0956945581093705
3.1753200000000317	0.06781072560015132	0.08950423003629317	0.025677647634429077	0.08461230615902217
3.1809600000000318	0.050005210168479176	0.07433406974898853	0.002951088037793717	0.06980393830995897
3.186600000000032	0.030080570741935778	0.05593244971079971	-0.01973049270223874	0.05196704401494453
3.192240000000032	0.008955686083956051	0.03515430904451478	-0.041332544818827574	0.03193016667722635
3.197880000000032	-0.012403675735182387	0.012954988134231966	-0.06087795184638119	0.010614394932484054
3.203520000000032	-0.03302894488254422	-0.009653626379366741	-0.07749116011416463	-0.011008910580819547
3.209160000000032	-0.05199260757427266	-0.031649160493977875	-0.09043732537923323	-0.03196231791115783
3.2148000000000323	-0.06844985111304926	-0.05204492204084948	-0.09915472981752198	-0.05130644353008544
3.2204400000000324	-0.08167612929107046	-0.06993409809304826	-0.10327904345557228	-0.06818200246838288
3.2260800000000325	-0.09109898103002803	-0.08453000376860433	-0.10265838751408021	-0.08184790947947265
3.2317200000000326	-0.0963227086963046	-0.09520059916201547	-0.0973585850609136	-0.09171374499248183
3.2373600000000327	-0.0971448569532742	-0.1014957635524305	-0.08765843695820315	-0.09736516723264255
3.2430000000000327	-0.09356381266586838	-0.10316615441426803	-0.07403531749020971	-0.0985811813180627
3.248640000000033	-0.08577725370746234	-0.10017286732358097	-0.05714182342123457	-0.09534255203979876
3.254280000000033	-0.07417159087679101	-0.09268753370030121	-0.03777461264350822	-0.08783105207485456
3.259920000000033	-0.05930295359670277	-0.08108292722761125	-0.016836915964814375	-0.07641965307266882
3.265560000000033	-0.04187064832151451	-0.06591457708292647	0.00470351746108983	-0.06165417456640951
3.271200000000033	-0.02268435173475809	-0.047894287590771134	0.025859086121386536	-0.04422728668252803
3.2768400000000333	-0.0026265741611241292	-0.027856821671594107	0.04566755490772618	-0.024946100188430794
3.2824800000000334	0.0173878697416847	-0.006721303728972416	0.06323575906521965	-0.004694856656995816
3.2881200000000335	0.036453524549679955	0.014550876586492907	0.07777981119519509	0.015605559684221386
3.2937600000000335	0.05371519713182674	0.0349997345831135	0.08866000440384861	0.03503943736079662
3.2994000000000336	0.06840625417734786	0.05370995374841215	0.09540886097258842	0.052737484268074855
3.3050400000000337	0.07988260200739823	0.0698517949631271	0.09775110093509123	0.06791565030987005
3.310680000000034	0.08765084574323238	0.08271782612401082	0.09561468330827551	0.07990979505354387
3.316320000000034	0.09138940048548531	0.09175384936452655	0.08913248675410326	0.08820467062907092
3.321960000000034	0.09096165605978124	0.0965826773940916	0.07863462697326969	0.0924559586932801
3.327600000000034	0.08642066378613943	0.09701974343614692	0.06463183537628725	0.09250442358346157
3.333240000000034	0.0780052017211271	0.09307990536249988	0.04779072807401894	0.08838160678057684
3.3388800000000343	0.06612746617230153	0.0849752066018348	0.028902157701968596	0.08030687380587766
3.3445200000000344	0.051353014255430054	0.0731037659199715	0.008844146780496876	0.06867601609690493
3.3501600000000344	0.03437392791176292	0.058030366708687504	-0.011458863301233645	0.054041989557417285
3.3558000000000345	0.015976468735428212	0.04045968609972214	-0.03107855918682709	0.03708872135398934
3.3614400000000346	-0.0029952679713883164	0.02120342860359545	-0.049125142833653185	0.018599221599290026
3.3670800000000347	-0.021678022630924193	0.0011428937929865118	-0.06478762640653242	-5.805165772018735E-4
3.372720000000035	-0.03922859543404062	-0.018811298661241958	-0.07737021276441051	-0.019580167079363008
3.378360000000035	-0.05486184532460263	-0.0377604887133551	-0.08632313252635214	-0.03754450787563172
3.384000000000035	-0.0678857540878819	-0.054858391707586364	-0.09126657451162498	-0.05367186053627766
3.389640000000035	-0.07773199236054759	-0.06934883511774828	-0.0920066722558805	-0.0672498070974187
3.395280000000035	-0.08398064059345073	-0.08059913624345114	-0.08854287996609611	-0.07768659567803114
3.4009200000000352	-0.08637799342412632	-0.08812765056263899	-0.08106646942495296	-0.08453685341217215
3.4065600000000353	-0.08484669760977985	-0.09162429478602574	-0.06995028660690014	-0.08752049301940987
3.4122000000000354	-0.07948782670023019	-0.09096317475732593	-0.05573030446945029	-0.08653401516258295
3.4178400000000355	-0.07057486376321069	-0.08620681108678144	-0.03907987846360486	-0.08165375800775565
3.4234800000000356	-0.058539929928621115	-0.07760183815422671	-0.020777937099171157	-0.07313101209018985
3.4291200000000357	-0.04395294472251179	-0.0655664374608023	-0.0016726068890722985	-0.06137928602912172
3.434760000000036	-0.027494718504464402	-0.050670136854486285	0.01735803253568149	-0.046954360249787074
3.440400000000036	-0.009925243851040318	-0.03360694631679565	0.03544624980883914	-0.030528085936569423
3.446040000000036	0.007951340232701536	-0.01516309373450147	0.05177417250512913	-0.012857160778236624
3.451680000000036	0.025323498730973216	0.0038191424396645203	0.0656107105836577	0.00525167032740571
3.457320000000036	0.041409088562191346	0.022479842568090914	0.07634422832109068	0.022978391869903123
3.4629600000000362	0.055490518813196485	0.03998034818638007	0.08350950759766142	0.03952679755179346
3.4686000000000363	0.06694670515785915	0.055540899815085074	0.08680781738786349	0.054160199033639125
3.4742400000000364	0.07528039820476737	0.06847532353548694	0.08611922822213801	0.06623416454453147
3.4798800000000365	0.08013968636912167	0.07822122594890978	0.08150667103610404	0.07522483505541146
3.4855200000000366	0.08133274721058538	0.08436437173423769	0.07321162046395852	0.08075157676828668
3.4911600000000367	0.07883523422610253	0.08665619068862528	0.06164166573690975	0.08259299400264117
3.4968000000000368	0.07279002434577535	0.08502367913341825	0.047350600416316585	0.08069563376205356
3.502440000000037	0.0634993993381047	0.07957130919963379	0.03101199854933983	0.07517504815211784
3.508080000000037	0.051410076162047624	0.07057492281823592	0.013387534385811455	0.06630922807324578
3.513720000000037	0.03709182158652436	0.05846794873700811	-0.004708467302849607	0.05452476547255811
3.519360000000037	0.02121067081222029	0.043820624286776286	-0.022446603026910816	0.04037642643088956
3.525000000000037	0.004498005793939377	0.027313213587611174	-0.0390203534207596	0.024521108981864922
3.5306400000000373	-0.012283073812946261	0.009704476710773501	-0.05368270188171481	0.007687404929166514
3.5362800000000374	-0.028372543217021335	-0.00820315148211742	-0.06577974881045982	-0.009357826646802028
3.5419200000000375	-0.043047824528823705	-0.025600077258822487	-0.07477981146383318	-0.025844343059307783
3.5475600000000376	-0.05565618607685732	-0.041706099290693056	-0.08029671734611865	-0.04103327431420319
3.5532000000000377	-0.0656437186393642	-0.05580534734151115	-0.08210627421217033	-0.0542501859474704
3.5588400000000378	-0.07257960487920254	-0.06727804609147524	-0.08015521912803662	-0.06491497123471561
3.564480000000038	-0.07617462166886099	-0.07562769722769427	-0.07456229771047405	-0.07256725041903897
3.570120000000038	-0.07629308457293013	-0.08050249053938129	-0.06561148650503104	-0.07688616779738293
3.575760000000038	-0.07295774694223184	-0.0817100242600082	-0.05373772984939723	-0.07770373899883846
3.581400000000038	-0.06634748887398903	-0.0792247237428766	-0.03950590117940749	-0.07501119840334279
3.587040000000038	-0.05678795893812435	-0.0731876815091873	-0.02358400227579172	-0.06895811667698251
3.5926800000000383	-0.044735649193362245	-0.06389898551722556	-0.0067118688478410085	-0.05984438623113639
3.5983200000000384	-0.030756177324438107	-0.051802940591872536	0.010333154140291512	-0.04810549320296328
3.6039600000000385	-0.01549780564563036	-0.03746690512983505	0.02677197729837493	-0.034291793896813104
3.6096000000000386	3.385660436228239E-4	-0.021554747324638072	0.041859328549025895	-0.01904277819513275
3.6152400000000386	0.016031547183675162	-0.0047961597945258855	0.05491749078646868	-0.003057520593469512
3.6208800000000387	0.030872070573639228	0.012046751557405451	0.0653666905054005	0.012937318226247973
3.626520000000039	0.04419538339864993	0.028214076890664515	0.07275077731145009	0.02822047686423284
3.632160000000039	0.055410773984342854	0.04298234043010866	0.07675705984040432	0.04210857052459513
3.637800000000039	0.06402770722778801	0.055696826662420554	0.07722943920903849	0.053986599911863685
3.643440000000039	0.06967721492061944	0.06580055256764955	0.07417429372622263	0.06333513189575317
3.649080000000039	0.07212761126292028	0.07285860626622348	0.06775890365301868	0.06975295311495659
3.6547200000000393	0.07129386821316076	0.0765767914046528	0.05830254684928174	0.07297421142986932
3.6603600000000394	0.0672402776408289	0.07681378163632806	0.04626072951973918	0.07287931657429415
3.6660000000000394	0.06017633408834741	0.07358628836746503	0.032203325832089125	0.06949915859224383
3.6716400000000395	0.05044607930318205	0.06706706379660532	0.016787671987124872	0.06301250747978884
3.6772800000000396	0.03851144365543442	0.05757588564786852	7.278822727325128E-4	0.05373676599766598
3.6829200000000397	0.02493038691536983	0.04556398521792979	-0.015238183003238887	0.042112545936434154
3.68856000000004	0.010330869744294618	0.03159267228697643	-0.030382771969020783	0.028682812833820525
3.69420000000004	-0.004618132396358353	0.01630716610829266	-0.044021366837391954	0.014067583066177631
3.69984000000004	-0.019237237158789597	4.068498501544649E-4	-0.05554357506438739	-0.0010646501226272097
3.70548000000004	-0.03286748668887733	-0.015386682492190495	-0.06444039419124414	-0.016027447045711043
3.71112000000004	-0.04490000531082768	-0.030362328958625732	-0.07032663500352425	-0.030147516177555435
3.7167600000000403	-0.05480315077216771	-0.04385145217761424	-0.07295751816175225	-0.042794966399436904
3.7224000000000403	-0.06214595051811091	-0.05525768609634961	-0.07223873309238753	-0.05341135961494395
3.7280400000000404	-0.06661679236833347	-0.06408325030060118	-0.06822955185047108	-0.06153431653463498
3.7336800000000405	-0.06803656207821862	-0.06995061320770604	-0.06113891076920473	-0.06681759385002943
3.7393200000000406	-0.06636567811770695	-0.07261856419833217	-0.051314694263577355	-0.06904576388682813
3.7449600000000407	-0.0617047546433501	-0.07199201418359819	-0.03922676347187619	-0.06814287816655329
3.750600000000041	-0.05428891418748702	-0.06812513216935841	-0.02544455353737999	-0.06417477252671043
3.756240000000041	-0.04447605881301308	-0.06121772886818332	-0.010610304640948406	-0.05734496088991533
3.761880000000041	-0.032729679410778534	-0.05160510351972587	0.004590817302059598	-0.04798435427572685
3.767520000000041	-0.019597025319437272	-0.03974186304521634	0.019462322376755013	-0.03653531816130336
3.773160000000041	-0.005683659779353391	-0.02618049037104396	0.03332826531135678	-0.02353083245526813
3.7788000000000412	0.008374417992576327	-0.011545669340685152	0.04556392482933805	-0.009569733032288698
3.7844400000000413	0.021939802740366506	0.003494443008526616	0.05562390328707989	0.004710817403075074
3.7900800000000414	0.03440254197685887	0.01825867779087729	0.06306638486897569	0.018664365639724973
3.7957200000000415	0.04520751896540209	0.032083662458376225	0.06757247586024298	0.031664390169226314
3.8013600000000416	0.05387913252196379	0.04435358432391897	0.06895978341896698	0.04313239020138191
3.8070000000000417	0.06004217854932311	0.05452757595947182	0.06718965881975535	0.05256358408605228
3.8126400000000418	0.0634380189714321	0.06216350670194956	0.06236782475320269	0.059549077619957355
3.818280000000042	0.06393534441118291	0.06693713607246367	0.05473841035117572	0.06379353102939846
3.823920000000042	0.06153508723862426	0.06865580220775487	0.044671718210255375	0.06512756417191827
3.829560000000042	0.0563693099424456	0.06726607126094779	0.032646331116292414	0.06351438284859405
3.835200000000042	0.04869416785560365	0.06285505047403306	0.019226419635423105	0.059050373830244106
3.840840000000042	0.03887731264566728	0.05564535559357512	0.005035323903048183	0.05195969016834736
3.8464800000000423	0.02738035161500734	0.04598400942463859	-0.009273355542019673	0.04258311915789853
3.8521200000000424	0.014737196644342905	0.03432581971244866	-0.02304581913501636	0.03136178076029948
3.8577600000000425	0.0015293158949010268	0.021212029088808863	-0.03565790113983511	0.018816432985585413
3.8634000000000426	-0.011640966634822824	0.0072452367083258576	-0.04654331458653452	0.005523352577972558
3.8690400000000427	-0.0241778995126125	-0.006938248601729309	-0.05521903209488377	-0.007912094007297178
3.8746800000000428	-0.03551921300547043	-0.020697357198605028	-0.06130666715663494	-0.02088297915392754
3.880320000000043	-0.04516129529826476	-0.03341519428326031	-0.06454891191290986	-0.03280819211473962
3.885960000000043	-0.05268151039662612	-0.044526658101173615	-0.06482032048422516	-0.0431584332935521
3.891600000000043	-0.05775667077422934	-0.053543506076468	-0.06213199052859931	-0.05147966383784972
3.897240000000043	-0.06017685983299548	-0.060075759028812944	-0.056629977647809485	-0.057412973654058896
3.902880000000043	-0.059854016210530755	-0.06384850742851375	-0.04858756452389528	-0.06071000076621587
3.9085200000000433	-0.05682493379023053	-0.06471339827852672	-0.038391786098343886	-0.06124324248056799
3.9141600000000434	-0.05124858680066909	-0.06265432667629803	-0.026524871017214794	-0.059010834432453835
3.9198000000000435	-0.043397946956567644	-0.05778712109564632	-0.013541486305485193	-0.054135626429022456
3.9254400000000436	-0.033646707520522956	-0.050353283840637864	-4.28567118025934E-5	-0.04685864252363341
3.9310800000000437	-0.022451556310159288	-0.04070811562131207	0.01335103570262071	-0.03752726526312931
3.9367200000000437	-0.010330835927432431	-0.02930380376557983	0.026029888092259812	-0.026578719200762303
3.942360000000044	0.002159413786598181	-0.01666827605092251	0.03742084695531748	-0.01451963610196288
3.948000000000044	0.014450925640535885	-0.0033808067062625342	0.04701435004545733	-0.00190265466227307
3.953640000000044	0.02598902238846603	0.009954500223092116	0.054386876204291466	0.010698866379795694
3.959280000000044	0.036257610194306907	0.022736138124559324	0.059219589534853984	0.022716866445680835
3.964920000000044	0.04480222378255399	0.034392292147576296	0.061312059678805084	0.033614153643058135
3.9705600000000443	0.05125009606291777	0.04440638187229847	0.060590471092817545	0.04290837826940172
3.9762000000000444	0.055326367988560735	0.05233991311342695	0.05710999031359066	0.050193341177391874
3.9818400000000445	0.05686573624223697	0.057851629918645904	0.05105122937397907	0.05515669762545141
3.9874800000000445	0.05581904849795107	0.060712132540939996	0.04271101339972835	0.057593287297374424
3.9931200000000446	0.0522545886310449	0.06081333811400999	0.032487918658416326	0.057413524558449315
3.9987600000000447	0.046354036653270016	0.05817239814578637	0.020863282258334483	0.054646510283835555
4.004400000000045	0.038403329281725525	0.05292993985772782	0.008378585770386944	0.0494377673094576
4.0100400000000445	0.028778876008742713	0.04534275531417708	-0.004389726636385533	0.0420417447549098
4.015680000000044	0.017929792060231976	0.03577131159371492	-0.016856826281021038	0.032809471166388694
4.021320000000044	0.00635698454750449	0.024662685774766165	-0.028456250549579776	0.022171952111462036
4.026960000000043	-0.005409936228634055	0.012529729997097883	-0.03866560403968548	0.010620094954309963
4.032600000000043	-0.016836857794490977	-7.256453499589884E-5	-0.047030045884733744	-0.0013179061566959344
4.038240000000043	-0.027409374565391248	-0.012572417099939176	-0.05318250908632463	-0.013100685029137325
4.043880000000042	-0.03665590924357826	-0.02440716436298106	-0.05685975512610999	-0.02419821856012459
4.049520000000042	-0.04416870892882142	-0.03504855241741741	-0.05791356424200936	-0.03411563369779377
4.055160000000042	-0.04962178289506291	-0.044026278684541134	-0.05631658923126351	-0.042415238491616124
4.060800000000041	-0.05278499494481299	-0.05094873622077667	-0.05216264786482147	-0.04873579813412092
4.066440000000041	-0.053533703652756115	-0.05552004733327678	-0.04566148452789778	-0.05280820897304607
4.072080000000041	-0.051853550208172734	-0.05755264786157028	-0.03712828381529534	-0.054466892680507
4.07772000000004	-0.04784021641097955	-0.0569748898629039	-0.026968456030933827	-0.05365643117705992
4.08336000000004	-0.041694204449997364	-0.05383335918828585	-0.0156584261628578	-0.05043318134323512
4.0890000000000395	-0.033710914976767814	-0.0482898450672978	-0.003723334474367252	-0.04496183699955733
4.094640000000039	-0.024266510539990023	-0.04061314039180705	0.008287309410560889	-0.03750713371748379
4.100280000000039	-0.01380023825127827	-0.031166083004769002	0.019824891907284432	-0.02842110945720972
4.105920000000038	-0.002794040350108135	-0.020388459597899658	0.03036672028970767	-0.018126531095506018
4.111560000000038	0.008249602622376341	-0.008776575436117475	0.039439667008692794	-0.007097264885712011
4.117200000000038	0.018830578982941014	0.0031395628959262254	0.04664136558844122	0.0041634995578398865
4.122840000000037	0.028473760608067295	0.014820404383242504	0.05165801033595464	0.015146172676475052
4.128480000000037	0.03675030405576048	0.02574125061743128	0.0542779745495174	0.025357792993036716
4.134120000000037	0.043296684692383756	0.03541579131952691	0.054400658910936504	0.03434412060657229
4.139760000000036	0.04783062071852557	0.04341772419183601	0.05204020403139164	0.04170980749104793
4.145400000000036	0.05016319156179014	0.04939949959207942	0.04732393834999557	0.04713575058122662
4.151040000000036	0.05020663296298181	0.053107367681289104	0.040485673815233554	0.05039286782725362
4.156680000000035	0.04797749093106737	0.0543920788456169	0.031854195973923694	0.05135170478013483
4.162320000000035	0.043595029359029126	0.05321478924305236	0.02183751162011155	0.04998747201986402
4.1679600000000345	0.037275001751487964	0.049647942996464814	0.010903606277383897	0.04638032296218293
4.173600000000034	0.029319106430978466	0.043871130