0.0	1.0	1.0	1.0	1.0
0.00552	0.9743938912828455	0.9744714035124857	0.9743081175510204	0.9744721911004689
0.01104	0.9067436790463119	0.9070415044756931	0.9062365301111865	0.9070468060644331
0.01656	0.8003159345440685	0.8009510211559607	0.7990869392567715	0.800965776207576
0.02208	0.6600317896791006	0.661084264016446	0.6578446509425888	0.6611155276308779
0.0276	0.49224131745513044	0.49374245938183475	0.4889463225347264	0.4938029661268029
0.03312	0.3044369095069878	0.30636482677459503	0.2999874199497079	0.3064718556363913
0.038639999999999994	0.10491939633499743	0.10719966490239434	0.09938130204569623	0.10737231115818302
0.04415999999999999	-0.09756824122844379	-0.0950596481475018	-0.10401479952874898	-0.09480194741046032
0.04967999999999999	-0.29422343203786544	-0.29165355030618756	-0.3012903029984494	-0.2912926563056404
0.055199999999999985	-0.4765661310841073	-0.47413450339966867	-0.48387110692757007	-0.4736558798711891
0.06071999999999998	-0.6368039288154338	-0.6347295736696237	-0.6438916971639099	-0.6341243273442636
0.06623999999999998	-0.7681644582003339	-0.7666711707544414	-0.7745334053757357	-0.7659375920720009
0.07175999999999998	-0.8651809464379586	-0.8644815004124926	-0.8703142984177361	-0.8636262984829731
0.07727999999999997	-0.923918901678689	-0.9241991498232497	-0.9273184040626389	-0.9232382434454349
0.08279999999999997	-0.9421345723035638	-0.9435385462748271	-0.9433547249996472	-0.9424972181158436
0.08831999999999997	-0.9193588484696447	-0.9219757655038495	-0.9180396353795194	-0.9208881778034103
0.09383999999999997	-0.8569035582501189	-0.8607575529889658	-0.8527996521818163	-0.8596656589491632
0.09935999999999996	-0.7577904994795563	-0.7628338204261144	-0.750795076811451	-0.7617856824695106
0.10487999999999996	-0.6266068955919456	-0.6327171094497908	-0.6167684566884746	-0.6317646862940351
0.11039999999999996	-0.4692941245206845	-0.4762756353996361	-0.45682507158961405	-0.47547215450490615
0.11591999999999995	-0.2928794085514654	-0.3004693718628708	-0.2781555644236794	-0.2998664224822042
0.12143999999999995	-0.10516254934844403	-0.11304102002209986	-0.08871328621836691	-0.11268551785003715
0.12695999999999996	0.0856283541827971	0.07782444680892878	0.10313919311375055	0.07789325364234273
0.13247999999999996	0.2711970330373838	0.2638567174567559	0.2889987210163587	0.26361002560399166
0.13799999999999996	0.443539281179344	0.4370580100522304	0.46078911782064585	0.4364798532708354
0.14351999999999995	0.5952876754065514	0.5900464080250204	0.6111115967280284	0.5891355109913458
0.14903999999999995	0.7200259590677921	0.7163699485820991	0.7335628665869739	0.7151409111091916
0.15455999999999995	0.8125596992365236	0.8107781229885426	0.8230072657078525	0.8092618350208379
0.16007999999999994	0.8691318287143801	0.8694393902041011	0.8757913896352899	0.8676826158791071
0.16559999999999994	0.8875741639322505	0.8900957255397044	0.8898922783022181	0.8881598365856268
0.17111999999999994	0.8673888361461742	0.8721480147406045	0.8649932008098029	0.8701068979046154
0.17663999999999994	0.8097566599825583	0.816669138378697	0.8024842864248211	0.8146063462728882
0.18215999999999993	0.7174726546452763	0.7263447390030069	0.7053885561205574	0.7243499961595974
0.18767999999999993	0.5948120897679482	0.6053447871105937	0.5782171649004745	0.6035100008969095
0.19319999999999993	0.4473334133909637	0.45913202685559495	0.4267607293289969	0.4575469842189048
0.19871999999999992	0.2816271057797021	0.2942160617822398	0.2578263547218028	0.292964015771097
0.20423999999999992	0.10502177568124668	0.11786412123026886	0.07893227508200579	0.11701748445303814
0.20975999999999992	-0.07473942013062729	-0.062218666039487384	-0.10202622093055846	-0.06260230131533241
0.21527999999999992	-0.2498377700146185	-0.2382254463322405	-0.2771247556987756	-0.2381067502570574
0.2207999999999999	-0.41271859395345206	-0.40258561683190125	-0.4387564053798514	-0.4019462344843004
0.2263199999999999	-0.556416695546175	-0.5482899910935238	-0.5799616857986897	-0.5471343633383063
0.2318399999999999	-0.6748536810262662	-0.6691892085453917	-0.694727688391762	-0.6675453777912587
0.2373599999999999	-0.7630944773348952	-0.7602527055079007	-0.7782435319884269	-0.7581720288300183
0.2428799999999999	-0.817552250488192	-0.8177773664503115	-0.827101304709972	-0.8153331096264236
0.2483999999999999	-0.8361332480878679	-0.8395372315119999	-0.8394341363228414	-0.8368220713692607
0.2539199999999999	-0.8183157615489461	-0.8248682486981467	-0.8149858536851757	-0.8219907651884637
0.25943999999999995	-0.7651603058587344	-0.7746849110488753	-0.7551097048885097	-0.7717652020091976
0.26496	-0.6792511197836928	-0.6914285854508431	-0.6626967570617349	-0.6885931834747125
0.27048	-0.564572066302139	-0.5789502916060754	-0.5420376415782556	-0.576326601462559
0.276	-0.42632283281923955	-0.44233349961101587	-0.39862420486733374	-0.4400440041214753
0.28152000000000005	-0.27068387240493225	-0.2876650623575557	-0.23890019854507893	-0.28582156292717026
0.2870400000000001	-0.10454068288839358	-0.12176457652692238	-0.06997229898428639	-0.12046274048423487
0.2925600000000001	0.06482030025850587	0.04811581789100114	0.10070560726041128	0.048801337934282964
0.2980800000000001	0.23003078774031205	0.21460800542210234	0.26566086756297924	0.21462763477281915
0.30360000000000015	0.3839607442287431	0.37054703095596764	0.4177287843817451	0.36987930516643036
0.3091200000000002	0.520025633405798	0.5092789997907344	0.5503633481712533	0.5079323955809373
0.3146400000000002	0.6324675811028178	0.6249445297876032	0.657918525945624	0.6229579760517681
0.3201600000000002	0.7165984727903232	0.7127257013766429	0.7358880403775807	0.7101677106126798
0.32568000000000025	0.7689947468770736	0.7690461207000905	0.7810934818152366	0.7660125442295266
0.33120000000000027	0.7876358205736907	0.791715816383085	0.7918129322436024	0.7883262910378334
0.3367200000000003	0.7719805927507365	0.780015136997834	0.7678449405688458	0.7764083535249967
0.3422400000000003	0.7229791969203152	0.7347144959313362	0.7105055538894193	0.7310424772211916
0.34776000000000035	0.6430200071394723	0.6580296055433048	0.6225590528314576	0.6544512331013201
0.35328000000000037	0.5358147067905489	0.5535146315904831	0.5080859313260095	0.5501886989396328
0.3588000000000004	0.4062268933090853	0.4258983614774939	0.37229437638684576	0.4229764613095087
0.3643200000000004	0.2600520966813925	0.2808709019466985	0.22128392422015253	0.2784904682914841
0.36984000000000045	0.1037591337053802	0.12483050058247118	0.0617719918463942	0.12310832710049034
0.37536000000000047	-0.05579568217437677	-0.0353982661592808	-0.09920447698311374	-0.03637172570070625
0.3808800000000005	-0.21166886992613473	-0.19286254565287447	-0.2545990199800684	-0.1930278181547688
0.3864000000000005	-0.35713151275118854	-0.34078250389184517	-0.3976636801612492	-0.3401144452256287
0.39192000000000055	-0.4859592996580813	-0.47284282392655863	-0.5222415991984914	-0.47135249547284064
0.39744000000000057	-0.5926983942313409	-0.5834618931766054	-0.6230315126030758	-0.5811968510226486
0.4029600000000006	-0.6728957948468297	-0.6680272250052834	-0.6958128051231455	-0.6650701764275199
0.4084800000000006	-0.7232844797962291	-0.7230872066737186	-0.7376215961781062	-0.7195530620979178
0.41400000000000065	-0.7419156679391198	-0.746491228533474	-0.7468705390689919	-0.7425226507581474
0.41952000000000067	-0.7282328790514568	-0.7374725400867446	-0.7234075342179658	-0.7332341627872278
0.4250400000000007	-0.6830850434396473	-0.6966706958705517	-0.6685112634817609	-0.6923422469878597
0.4305600000000007	-0.6086785747378892	-0.6260930875310516	-0.5848242298853077	-0.6218617070641896
0.43608000000000074	-0.5084709668042628	-0.5290176933095021	-0.47622671301122704	-0.5250697766462565
0.44160000000000077	-0.3870109906521442	-0.4098416986475435	-0.34765760602737694	-0.40635462378827136
0.4471200000000008	-0.24973284240072413	-0.2738829436522538	-0.2048903755623144	-0.2710170520364163
0.4526400000000008	-0.10271353156354539	-0.12714313701218852	-0.05427428308557336	-0.12503433238841608
0.45816000000000084	0.04759568075720183	0.023956641607995686	0.09754755388261235	0.025203333729273865
0.46368000000000087	0.19465194464409033	0.17285651289741186	0.24393075989209412	0.17317212045106767
0.4692000000000009	0.33210521837779033	0.3131422006474946	0.378520089123241	0.3124974622940388
0.4747200000000009	0.45407205562979547	0.4388209525322423	0.49552492875312365	0.4372282688182819
0.48024000000000094	0.5553869964518784	0.5445771268363768	0.5899679931042412	0.5420906909034093
0.48576000000000097	0.6318208399558819	0.625996562705404	0.6578965475238286	0.622710636322008
0.491280000000001	0.6802565973006001	0.6797502837025844	0.696547221044163	0.6757956671989147
0.496800000000001	0.6988158312281114	0.7037299137955743	0.704457564402757	0.6992687402629935
0.502320000000001	0.6869302971513119	0.6971293292853786	0.6815198903656886	0.6923483904508833
0.507840000000001	0.6453562125415702	0.6604694345829226	0.6289754902790116	0.6555723145293166
0.5133600000000009	0.5761309899302753	0.5955654303153172	0.5493499412574544	0.5907637804780568
0.5188800000000009	0.4824747646929474	0.5054384309684897	0.44633278739225096	0.5009427628655077
0.5244000000000009	0.36864142381962095	0.39417567859013886	0.32460728394849125	0.390186077410968
0.5299200000000008	0.23972599407425793	0.2667457865548424	0.18963803186094388	0.2634429576445681
0.5354400000000008	0.10143708576137304	0.1287773401071017	0.047426109543754646	0.12631439091089686
0.5409600000000008	-0.04015546544289388	-0.01368930112836596	-0.09575734489755594	-0.015193968737693728
0.5464800000000007	-0.1788866210800803	-0.1544660719462769	-0.23364729099340945	-0.15493442882351682
0.5520000000000007	-0.3087641850986993	-0.2874856136979796	-0.3602585385164513	-0.28688396004847405
0.5575200000000007	-0.4242272342521007	-0.4070624030935257	-0.47014515023035053	-0.40540341747361963
0.5630400000000007	-0.5203838052589498	-0.5081353752326613	-0.5586342692627172	-0.5054781414379077
0.5685600000000006	-0.5932176976843297	-0.5864817042645356	-0.622024350216509	-0.5829296902931425
0.5740800000000006	-0.6397556707659178	-0.6388927305361781	-0.6577394063805881	-0.6345897846584312
0.5796000000000006	-0.6581880985875038	-0.6633047275355506	-0.6644328725637751	-0.6584292454606452
0.5851200000000005	-0.6479382207463188	-0.6588792088258547	-0.6420369345728969	-0.6536367090301384
0.5906400000000005	-0.6096773928375815	-0.6260296954904381	-0.5917555917405605	-0.6206441131739737
0.5961600000000005	-0.5452861028549408	-0.5663942008167318	-0.5160021913546533	-0.5610982713031901
0.6016800000000004	-0.45776287283323475	-0.48275503924465013	-0.4182845948542169	-0.4777801861001523
0.6072000000000004	-0.3510854077811264	-0.37890982936781176	-0.303043399828581	-0.3744759989397444
0.6127200000000004	-0.23003038980456725	-0.2594996389471829	-0.17545065145219532	-0.25580553005420364
0.6182400000000003	-0.09996005767799526	-0.12980202513998929	-0.04117814615263912	-0.12701614977536127
0.6237600000000003	0.033414912240581136	0.004501820404937802	0.09385431126746532	0.006248841880824835
0.6292800000000003	0.1642857556724452	0.13757556449763408	0.22373953996878343	0.13819712084432256
0.6348000000000003	0.28699824178810723	0.26368100997727373	0.3428410456810159	0.26313874322592984
0.6403200000000002	0.3962965956379471	0.37742518151455234	0.4460372554142481	0.37573115192899853
0.6458400000000002	0.48754821495902617	0.4739905953340063	0.5289413576017605	0.4712072513798361
0.6513600000000002	0.5569395904926387	0.5493388967868708	0.5880873289270302	0.5455768303348241
0.6568800000000001	0.6016351633417295	0.600379275688082	0.6210742797519664	0.5957928404578066
0.6624000000000001	0.6198925252137232	0.6250946568806237	0.6266631325784899	0.6198756233287045
0.6679200000000001	0.6111293123744503	0.6226205412494635	0.6048217775007311	0.6169900494656215
0.67344	0.5759392752984314	0.5932734570342889	0.5567171301616224	0.587472606746353
0.67896	0.5160572294678717	0.5385281811513116	0.48465485042793355	0.5328076611173457
0.68448	0.4342748114160897	0.4609451094251834	0.39196976150030416	0.4555543143858105
0.69	0.334311081777267	0.3640512971528431	0.282872140167941	0.35922740695050054
0.6955199999999999	0.2206439427786986	0.25218066532400163	0.16225693743635547	0.24813816643988576
0.7010399999999999	0.09830998932368758	0.13028058915195995	0.035484554144706776	0.12720170335166942
0.7065599999999999	-0.02731827888103621	0.003693481924102065	-0.09185702746292299	0.0017199304649940623
0.7120799999999998	-0.15076804580562997	-0.12207699924132091	-0.2141982163380838	-0.12285052285586565
0.7175999999999998	-0.26670425270354114	-0.2416049091730036	-0.32623107695947257	-0.24113525729135232
0.7231199999999998	-0.37015981524275865	-0.34977577124753784	-0.42313927503229504	-0.34807363663783064
0.7286399999999997	-0.4567480650189696	-0.4420050785581723	-0.5008047584080603	-0.4391349474016935
0.7341599999999997	-0.52284834547818	-0.5144322198513037	-0.5559823208246897	-0.5105099673784017
0.7396799999999997	-0.5657569279658118	-0.564081643744962	-0.5864346682201139	-0.55926986043384
0.7451999999999996	-0.5837969791945629	-0.588984552906866	-0.591022390664659	-0.5834857897311897
0.7507199999999996	-0.5763831363968437	-0.5882561763782983	-0.5697452570445373	-0.5823043905475115
0.7562399999999996	-0.544038249623105	-0.562125625071006	-0.523733404702408	-0.5559761888952214
0.7617599999999995	-0.488361943803892	-0.5119174065734954	-0.4551891970268668	-0.5058361078347847
0.7672799999999995	-0.4119527448481034	-0.4399857704444857	-0.3672826719464131	-0.4342372799607232
0.7727999999999995	-0.3182875135286489	-0.3496050834719974	-0.2640055098590031	-0.34444139218821634
0.7783199999999995	-0.21156375224932503	-0.24482130884540776	-0.14999022418441532	-0.24047064147166697
0.7838399999999994	-0.09651191543658431	-0.13027130404957565	-0.030302745693876518	-0.12692799863825704
0.7893599999999994	0.021813901600199907	-0.010977990474579785	0.08978232872994077	-0.00879379403359059
0.7948799999999994	0.13825764934124715	0.10786957222268861	0.20501386641750605	0.10879240134938122
0.8003999999999993	0.2477856768713988	0.2211415916358684	0.3103935064411922	0.220755060823892
0.8059199999999993	0.3457040026836796	0.32398865009804445	0.40139214482323726	0.3223014663531864
0.8114399999999993	0.42785913950209675	0.41204899727466887	0.47414423569382264	0.40912653697304446
0.8169599999999992	0.4908138962839759	0.4816331810695568	0.525611588661519	0.4775949819804231
0.8224799999999992	0.5319907333213129	0.5298782170705368	0.5537097401775788	0.5248930878112058
0.8279999999999992	0.5497767118770652	0.5548648725905267	0.5573916658943785	0.5491438197935193
0.8335199999999992	0.5435857920521643	0.5556932840406856	0.5366855058545628	0.5494805544264545
0.8390399999999991	0.5138761153929561	0.5325139628968869	0.492685009884948	0.5260765818272933
0.8445599999999991	0.46212187913579206	0.48651319507162266	0.4274934868373157	0.4801294512267752
0.8500799999999991	0.39074138082437226	0.41985381600457994	0.3441240672627689	0.41380119049578407
0.855599999999999	0.30298469982352666	0.33557426360931014	0.24636097657752742	0.33011732887096495
0.861119999999999	0.20278620480840692	0.23745059088493992	0.138588183360299	0.2328294087785038
0.866639999999999	0.09458856025480106	0.12982768373442607	0.025593163939226518	0.1262472131532533
0.8721599999999989	-0.016853912155536506	0.01742721144933876	-0.08764544802414896	0.015048194062266006
0.8776799999999989	-0.1266838283741553	-0.09485921576953328	-0.1961769218702443	-0.09592748543265482
0.8831999999999989	-0.23015215460779076	-0.20218263430159358	-0.2952945746920693	-0.2018873287907078
0.8887199999999988	-0.3228232494049128	-0.2999458332865671	-0.38073957694489335	-0.2982931718174929
0.8942399999999988	-0.4007646957969282	-0.3839999746868712	-0.4488836075786492	-0.38105523780178646
0.8997599999999988	-0.4607138134731754	-0.45082033115953185	-0.496882539916503	-0.44670529765749595
0.9052799999999988	-0.5002138162050496	-0.4976537123473238	-0.5227946660799662	-0.492541618518451
0.9107999999999987	-0.5177139514631579	-0.5226314303148838	-0.5256585677937341	-0.5167396604674795
0.9163199999999987	-0.5126295655734483	-0.5248431906979095	-0.5055275428488687	-0.5184240082381971
0.9218399999999987	-0.4853598073295297	-0.5043690193945737	-0.4634594190732828	-0.497698734861988
0.9273599999999986	-0.4372625377061127	-0.46226816943210447	-0.4014625463941796	-0.4556352120276425
0.9328799999999986	-0.3705878721150889	-0.40052581887965705	-0.3224006665958846	-0.3942182280007025
0.9383999999999986	-0.2883735638889254	-0.3219601875026952	-0.2298611366338673	-0.3162530683394448
0.9439199999999985	-0.1943070667004694	-0.2300943891734318	-0.12799254826220696	-0.2252378802311349
0.9494399999999985	-0.09256052001825556	-0.12899882688506512	-0.021319077410592607	-0.1252071071128429
0.9549599999999985	0.012393973761887325	-0.0231111647544636	0.0854601430594153	-0.020552984578615072
0.9604799999999984	0.1159806157001685	0.08295817435818782	0.1876777432849585	0.08416701856488859
0.9659999999999984	0.21371911952845335	0.1846264731053077	0.2809018476046307	0.18442838497512576
0.9715199999999984	0.3014182034824824	0.2775364414149986	0.3611279365503073	0.2759347532351856
0.9770399999999984	0.37535502094599926	0.35774267696802736	0.42495054662273407	0.3548017324974953
0.9825599999999983	0.4324328617639515	0.4218788976808259	0.46970746020215615	0.4177214758128169
0.9880799999999983	0.4703104588578779	0.46729887141046283	0.4935902970949741	0.4621010535609995
0.9935999999999983	0.48749751860177803	0.49218515871549146	0.4957169347022119	0.48616885491728945
0.9991199999999982	0.4834126004056345	0.49562122009050336	0.4761628873997777	0.48904467184384426
1.0046399999999982	0.45840113400332644	0.47762405574778005	0.4359505915352471	0.47077072317695445
1.0101599999999982	0.413713108713738	0.4391362725241965	0.3769973902461812	0.43230258534502464
1.0156799999999981	0.35144172109403093	0.3819782334277304	0.3020248110890962	0.3754607364401171
1.021199999999998	0.2744259499154941	0.30876266438219296	0.21443340100375718	0.3028451163538826
1.026719999999998	0.18612156786906633	0.22277569595570695	0.11814885535893847	0.21771668455600093
1.032239999999998	0.09044643218443939	0.12782973691499755	0.017446387936242966	0.12385135155108318
1.037759999999998	-0.008393034716861808	0.028094751462455752	-0.08323881414774706	0.025372811305206255
1.043279999999998	-0.1060865025749985	-0.07208460588284901	-0.17950665918824285	-0.07342833783925296
1.048799999999998	-0.19840743449998416	-0.1683779904463459	-0.2671841754884629	-0.1682812619188666
1.054319999999998	-0.2813956699614387	-0.25665629205146234	-0.34250612336282005	-0.2551192400373692
1.059839999999998	-0.3515270139786542	-0.33316842657449935	-0.4022763896622682	-0.3302537471785153
1.0653599999999979	-0.4058625826087628	-0.3947004366104886	-0.4440032602264522	-0.39053083124223303
1.0708799999999978	-0.44217158988619587	-0.43871016583997735	-0.4660028607361395	-0.43346316774685906
1.0763999999999978	-0.45902246280995207	-0.4634318786392818	-0.46746649177734345	-0.4573322783582787
1.0819199999999978	-0.45583858460866905	-0.46794653799598934	-0.44848919494692907	-0.4612567316663587
1.0874399999999977	-0.432916529368489	-0.4522149711260501	-0.4100586017620394	-0.44522364707217427
1.0929599999999977	-0.39140629424517465	-0.41707277649752705	-0.35400486023045286	-0.41008242903246583
1.0984799999999977	-0.3332546870246728	-0.36418748725968075	-0.28291412879979705	-0.35750129901704886
1.1039999999999976	-0.2611146150744065	-0.2959801323152239	-0.20000970033370474	-0.289888795251303
1.1095199999999976	-0.1782244783801157	-0.21551485748856342	-0.10900620196513656	-0.21028390669428113
1.1150399999999976	-0.08826313227686977	-0.12636162053963934	-0.013943451170432913	-0.12221983393379814
1.1205599999999976	0.004813098564000684	-0.03243809809705085	0.08099261346263205	-0.029567469805173784
1.1260799999999975	0.09694414643140735	0.06216220687569901	0.171654000867365	0.06363447919052642
1.1315999999999975	0.18414305007735196	0.1533481263358523	0.25411165250687895	0.15335528682607055
1.1371199999999975	0.26266823521248006	0.23720751370911364	0.32482545808309615	0.23574627552325414
1.1426399999999974	0.3291837927428819	0.3101748357068484	0.38079595671661254	0.3073056528045322
1.1481599999999974	0.3809009006863025	0.3691825009676008	0.41969123563704785	0.3650270672496858
1.1536799999999974	0.4156944074776587	0.41178951479036013	0.43994367259690603	0.406525594082913
1.1591999999999973	0.43218971861582994	0.4362820779871469	0.44081252758915507	0.4301358849812988
1.1647199999999973	0.4298164545755947	0.44174200116613216	0.42240991285791785	0.4349784605850612
1.1702399999999973	0.40882681652510816	0.4280802277008192	0.38568928979544304	0.4209915320421191
1.1757599999999973	0.3702781428482875	0.3960342865289821	0.3323972855908648	0.38892724762641256
1.1812799999999972	0.3159806961085281	0.3471300629480133	0.2649912193868425	0.34031280600997543
1.1867999999999972	0.24841321933512056	0.28360981374688815	0.1865262077872815	0.2773783920930021
1.1923199999999972	0.17061017781933005	0.2083297961252246	0.10051701906340091	0.20295530922886917
1.1978399999999971	0.08602579922368196	0.12463216629956811	0.010780908932696398	0.12034894272365107
1.203359999999997	-0.0016190097152492583	0.03619687913015559	-0.07873154631615693	0.033192240395900525
1.208879999999997	-0.08850009730361473	-0.0531198603045721	-0.16411013335169683	-0.05471380699675099
1.214399999999997	-0.1708566840598316	-0.13945351193034022	-0.2416555765529732	-0.1395656919606421
1.219919999999997	-0.24515391388347835	-0.21909818105390189	-0.30803957346388766	-0.2177217250351641
1.225439999999997	-0.3082343238172234	-0.28866545893488954	-0.36044737855482545	-0.2858580880739511
1.230959999999997	-0.35745175295418863	-0.34522832572502954	-0.3966968391071317	-0.34110992944246926
1.236479999999997	-0.3907820236842687	-0.38644401554925717	-0.41532886334585895	-0.3811915231817155
1.2419999999999969	-0.40690578037414593	-0.410650699205184	-0.4156655883049906	-0.40449046559871765
1.2475199999999969	-0.40526011423750663	-0.41693401049033874	-0.39783395542173017	-0.4101320438332727
1.2530399999999968	-0.3860569831365932	-0.40516077531667466	-0.3627539313821673	-0.3980112299103229
1.2585599999999968	-0.3502678904543001	-0.3759787397039826	-0.31209216274591844	-0.36879117239784587
1.2640799999999968	-0.29957575429044336	-0.33078257059421334	-0.248183357412601	-0.3238685139834129
1.2695999999999967	-0.23629631336557932	-0.2716478580508737	-0.17392307866564227	-0.2653072938543729
1.2751199999999967	-0.1632727182177015	-0.2012362161531167	-0.09263685834138065	-0.19574453711634987
1.2806399999999967	-0.08374808998652722	-0.1226758043066591	-0.007931532601449534	-0.11827183226336042
1.2861599999999966	-0.0012217464769886483	-0.03942261900175683	0.07646456500111305	-0.036298201267898546
1.2916799999999966	0.08070454178510118	0.04489130465001616	0.15686548287533963	0.046599666630668
1.2971999999999966	0.15848352087956874	0.12661612422173305	0.22978840964653668	0.12683324814771044
1.3027199999999965	0.2287758171048101	0.20224197023306204	0.29210430989128344	0.20095730639272907
1.3082399999999965	0.2885930741649344	0.26854946404666336	0.34117193252649397	0.2658176027804913
1.3137599999999965	0.3354247389858323	0.322746528275794	0.3749494640531274	0.3186848773160323
1.3192799999999965	0.36734312861239404	0.362585686330208	0.39207912018694496	0.3573694170406525
1.3247999999999964	0.38308239475917083	0.3864569351866407	0.39194118851835236	0.3803114156514837
1.3303199999999964	0.38208816896777686	0.3934523684126092	0.37467539692096885	0.38664341082965864
1.3358399999999964	0.3645359679543511	0.38339997610735527	0.34116892684054734	0.3762223212487218
1.3413599999999963	0.33131780836199914	0.3568653995693048	0.2930118535798809	0.3496299380207406
1.3468799999999963	0.2839978628068103	0.31512181201435496	0.23242221317107303	0.30814209713023527
1.3523999999999963	0.2247393247712984	0.26008947203860694	0.16214420579872213	0.25366811063653266
1.3579199999999962	0.15620588101871272	0.19424779447820556	0.08532419256852354	0.18866330688050642
1.3634399999999962	0.08144226422636526	0.12052394840359432	0.005370076852072234	0.11601866925956741
1.3689599999999962	0.003739230143511339	0.04216297489837769	-0.07419965571269427	0.0389325211606358
1.3744799999999961	-0.07351106341836294	-0.037414823034801224	-0.14991056111934042	-0.03923005859858552
1.3799999999999961	-0.1469629296141714	-0.11476296071849286	-0.21848373892265538	-0.11508392006532583
1.385519999999996	-0.213461840685979	-0.18655783327035885	-0.2769776153143584	-0.18537024137721728
1.391039999999996	-0.27017968326914027	-0.24974132022342704	-0.32291388627855727	-0.24709632057620698
1.396559999999996	-0.31473479138615157	-0.3016508237497981	-0.3543822394039498	-0.29766277277609204
1.402079999999996	-0.3452916734221273	-0.34013122081778047	-0.3701194420293118	-0.33497273657689847
1.407599999999996	-0.36063626999204396	-0.36362403334456467	-0.36955953782569945	-0.35751851322126005
1.413119999999996	-0.3602236734365803	-0.3712301406122177	-0.35285318178636105	-0.3644420728611264
1.418639999999996	-0.34419645792589076	-0.36274352931447856	-0.3208555075869761	-0.3555670192748716
1.4241599999999959	-0.31337305800627097	-0.3386548468501828	-0.2750833011948493	-0.33140085631522553
1.4296799999999958	-0.26920693645493793	-0.3001248372473601	-0.2176435900165868	-0.29310769144650095
1.4351999999999958	-0.21371854290661568	-0.24892903931064195	-0.1511369897629713	-0.2424527878111555
1.4407199999999958	-0.14940322856344676	-0.1873763571799212	-0.07854022849032483	-0.18172158134858346
1.4462399999999958	-0.0791192997026566	-0.11820522185549866	-0.0030731430742796384	-0.11361686207006202
1.4517599999999957	-0.005961220702590415	-0.04446200145450795	0.0719439190301509	-0.04113873286685526
1.4572799999999957	0.06687641848318797	0.030632951246419706	0.14323598650947741	0.03254733298189019
1.4627999999999957	0.13623819948734375	0.1038257330133942	0.2077162382731046	0.1042485420840525
1.4683199999999956	0.19914437211505442	0.17196969052593106	0.2626194493684641	0.17088292711926775
1.4738399999999956	0.2529186545599609	0.2321605026832989	0.30562034899592694	0.2296116201387494
1.4793599999999956	0.2953018651481129	0.28185975450427037	0.3349318348696177	0.27795958478241595
1.4848799999999955	0.32454657109790824	0.3190017539969735	0.3493789076501736	0.31391968232301776
1.4903999999999955	0.33948880090856987	0.34207910761417715	0.34844528230280153	0.3360357066968402
1.4959199999999955	0.33959389270358425	0.3502035219429408	0.3322908508914368	0.34346096652411795
1.5014399999999954	0.32497469538542456	0.34313939653801295	0.3017394593281459	0.3359900753934981
1.5069599999999954	0.29638155224130497	0.32130896678321763	0.25823776212185173	0.31406278748232125
1.5124799999999954	0.25516472455504213	0.2857689940387195	0.20378717722705242	0.27873993238602907
1.5179999999999954	0.2032111024700099	0.23816022927464314	0.14085212303742428	0.23165270794651774
1.5235199999999953	0.1428581505348643	0.18063204289564164	0.07224873146790113	0.17492773094061695
1.5290399999999953	0.07678899905563726	0.11574566762483109	0.0010190518454861464	0.11109127392229493
1.5345599999999953	0.007913378873132492	0.04636039847418317	-0.06970364440673305	0.04295698876116971
1.5400799999999952	-0.06076032621390007	-0.024492203557102035	-0.13683250282474524	-0.026497902969836847
1.5455999999999952	-0.12625629178989012	-0.09374057819146656	-0.1974616306928132	-0.0942625134797195
1.5511199999999952	-0.18576001524220181	-0.15840614026808286	-0.2489916915408642	-0.15742262630267012
1.5566399999999951	-0.2367390650127369	-0.21573121297514922	-0.28924112981922484	-0.213285833788928
1.562159999999995	-0.277050644875703	-0.2632964331380571	-0.31653827618382463	-0.25949610933412415
1.567679999999995	-0.3050314140086981	-0.299122638812363	-0.3297904561709299	-0.29413294770904136
1.573199999999995	-0.3195658090202789	-0.32175295814389876	-0.32852726007740457	-0.3157909117498973
1.578719999999995	-0.320130075871779	-0.33031170661198445	-0.31291628309672376	-0.3236363028216755
1.584239999999995	-0.306810294848133	-0.32453772762097244	-0.28375086098063496	-0.3174386865246272
1.589759999999995	-0.2802938228770058	-0.30479093347844033	-0.24241055404609294	-0.2975761092092381
1.595279999999995	-0.24183473457038673	-0.272031970904417	-0.19079631749179904	-0.26501398659233666
1.600799999999995	-0.19319496607571512	-0.22777609659849568	-0.1312433872625438	-0.22125878330327323
1.6063199999999949	-0.13656390577003857	-0.17402345393260338	-0.06641586113768569	-0.16828868245588413
1.6118399999999948	-0.07446008857759297	-0.11316894421695613	8.122761238472664E-4	-0.10846442112066551
1.6173599999999948	-0.009619397671944986	-0.04789574270635589	0.06748437908630806	-0.044424299477206275
1.6228799999999948	0.055125272536010524	0.018942815306487195	0.1306909953522979	0.021031976341419276
1.6283999999999947	0.11696760721767947	0.08444778708673532	0.18769665137564034	0.08506551190900807
1.6339199999999947	0.17324933159429295	0.14580018445162313	0.2360580532309901	0.14492117515314415
1.6394399999999947	0.2215742918607888	0.20038211414175278	0.2737286031078902	0.19804596265098803
1.6449599999999946	0.25991026885904145	0.24588829840597656	0.2991447698206194	0.24219770405044821
1.6504799999999946	0.28667420732933785	0.28042323321611395	0.31129067920173487	0.2755394843775086
1.6559999999999946	0.30079729676587763	0.3025798984346996	0.30973827023775385	0.2967158172815285
1.6615199999999946	0.3017672416588846	0.31149676256766173	0.29466145120148174	0.3049074218056098
1.6670399999999945	0.2896460689504772	0.30689078734648634	0.2668238384317683	0.2998624043384788
1.6725599999999945	0.2650628942153195	0.2890651916884791	0.22754081815524513	0.2819026839893382
1.6780799999999945	0.22918215834596792	0.25889183433493457	0.17861778816685056	0.2519055782592107
1.6835999999999944	0.18364890597573413	0.21776917181476946	0.12226746281584452	0.21126153963310243
1.6891199999999944	0.13051365981892354	0.16755779594767503	0.061010017410199686	0.16181005623830869
1.6946399999999944	0.07214030953814898	0.11049650802378233	-0.00243943112002714	0.10575665723378183
1.7001599999999943	0.01110114312059079	0.049102704647670053	-0.06529099183702156	0.04557475679039023
1.7056799999999943	-0.04993632646904827	-0.013938501269520748	-0.12480250480659724	-0.0161033038198223
1.7111999999999943	-0.10832576768360075	-0.07589154844876349	-0.17839901159641025	-0.07660122409830233
1.7167199999999943	-0.161556597329478	-0.13408896984244728	-0.2237839935612473	-0.13331470823489577
1.7222399999999942	-0.20736175542679655	-0.18604608000714107	-0.259037580231268	-0.18382340749216772
1.7277599999999942	-0.2438140690441451	-0.22956688343470427	-0.2826975367097015	-0.22599403663379147
1.7332799999999942	-0.26940711744523016	-0.26283669717758834	-0.2938196240429221	-0.25807027899825885
1.7387999999999941	-0.2831172151922885	-0.28449758968889405	-0.29201485435706037	-0.2787457000078589
1.744319999999994	-0.2844439752746543	-0.2937035100541994	-0.27746219150704426	-0.2872166526463266
1.749839999999994	-0.27342786309934	-0.29015288310315634	-0.250896332305175	-0.283213046497361
1.755359999999994	-0.25064416234129	-0.2740974363300164	-0.21357129527043656	-0.26700582496857644
1.760879999999994	-0.2171738009217037	-0.24632706065743518	-0.1672015954902763	-0.23939101062826737
1.766399999999994	-0.17455248508967564	-0.2081315437438282	-0.11388374996494777	-0.20165119196156187
1.771919999999994	-0.1247005186001242	-0.16124100698150537	-0.05600169616834954	-0.15549629254428107
1.777439999999994	-0.06983650259036592	-0.10774778303631131	0.0038796181436766344	-0.10298634419077396
1.7829599999999939	-0.012378785340709048	-0.05001325128955147	0.06312773186618154	-0.046439741699835585
1.7884799999999939	0.04516096839524118	0.009436228886557001	0.11915823921378557	0.011668943284709032
1.7939999999999938	0.10028741171739182	0.06801970812977408	0.16954736340954213	0.06881709275410006
1.7995199999999938	0.15062957489891127	0.12321354367109061	0.21213663879802186	0.12254339912871684
1.8050399999999938	0.1940426771341104	0.1726599578775762	0.24512518758409624	0.1705537144203803
1.8105599999999937	0.22869932599351828	0.2142675956661734	0.26714565449805033	0.2108188465336728
1.8160799999999937	0.25316623451029596	0.24629979924083126	0.27732060736321945	0.2416601410695421
1.8215999999999937	0.26646324434440977	0.2674468821315967	0.275297089952402	0.26181924736022993
1.8271199999999936	0.2681022360227732	0.2768794042826863	0.26125798623938495	0.2705091790072561
1.8326399999999936	0.2581043984123616	0.27428029365428075	0.2359098789412154	0.2674446099866698
1.8381599999999936	0.23699527993169206	0.25985459007238926	0.20044811496747508	0.25285026060056764
1.8436799999999935	0.2057780118723076	0.23431656303526366	0.1565007809971712	0.2274471830918868
1.8491999999999935	0.1658860374845041	0.19885493435705304	0.10605420090262357	0.1924177129880523
1.8547199999999935	0.11911755847800305	0.1550778765829066	0.051363354064698344	0.14935076788182267
1.8602399999999935	0.06755468574871712	0.10494031874368236	-0.005148753695168831	0.10017001115709549
1.8657599999999934	0.013470920673008029	0.05065683567297964	-0.060998283256060035	0.04704811864316636
1.8712799999999934	-0.04076892944339237	-0.005396005484162605	-0.11374958394676446	-0.0076890388863105254
1.8767999999999934	-0.09281200262069444	-0.06078354245041802	-0.1611212651886319	-0.06166407875790337
1.8823199999999933	-0.1404192985377397	-0.11311862303902169	-0.2010847052463028	-0.11255121611398831
1.8878399999999933	-0.18156185181328058	-0.16016434397863966	-0.23195075053608272	-0.15817633465924652
1.8933599999999933	-0.214507037984446	-0.1999295079782106	-0.2524409079277289	-0.1966097191605966
1.8988799999999932	-0.23789134837340864	-0.2307527322296705	-0.26174003880462965	-0.2262475012114741
1.9043999999999932	-0.25077658568061023	-0.2513716630707192	-0.2595283952329393	-0.24587838838298912
1.9099199999999932	-0.2526871750749856	-0.2609744221590161	-0.24599175811972304	-0.25473290959627076
1.9154399999999931	-0.2436271225506368	-0.2592311991279764	-0.22180940384661982	-0.2525131866007572
1.9209599999999931	-0.22407604635201567	-0.24630477928012923	-0.1881205969410283	-0.23940209836504805
1.926479999999993	-0.19496461912282828	-0.222839714047633	-0.14647123941803863	-0.21605160433281526
1.931999999999993	-0.15763064843219082	-0.1899307666587864	-0.09874316200970537	-0.18355089469071564
1.937519999999993	-0.1137578530611541	-0.1490721557117781	-0.047069281853814864	-0.14337590203870484
1.943039999999993	-0.06530012639665196	-0.10208993698614315	0.006261556077677387	-0.09732250200541652
1.948559999999993	-0.014394685414216315	-0.051060574063740434	0.058905815237411875	-0.04742641672155449
1.954079999999993	0.03673204128393059	0.0017806786639092823	0.10856811008202948	0.004126614160367455
1.959599999999993	0.08586164859497186	0.05413754494717318	0.15310114802593924	0.05509643776037319
1.9651199999999929	0.13087987275918875	0.10375237734058523	0.1905984254851263	0.10328569202312693
1.9706399999999928	0.16986743347000374	0.14850337098264327	0.21947568303800685	0.14663439765830832
1.9761599999999928	0.20118170343976244	0.1864951604551	0.23853764692078083	0.18330787202825682
1.9816799999999928	0.2235257371313391	0.21613893771346837	0.24702725399227288	0.21177421947673242
1.9871999999999927	0.23600176586691995	0.2362187114645247	0.2446553445267936	0.23086813231972964
1.9927199999999927	0.23814696289264162	0.24594095300259694	0.23160967641094032	0.23983835376286194
1.9982399999999927	0.22995006806297985	0.24496561232831657	0.2085430269093907	0.23837688063465667
2.0037599999999927	0.21184830282039682	0.233417308570296	0.1765410639071041	0.2266287877793063
2.009279999999993	0.18470486518617502	0.21187636425858147	0.13707154738601118	0.20518240189724676
2.014799999999993	0.14976813416031176	0.18135022612549928	0.09191722573065228	0.17504040368190457
2.0203199999999932	0.10861449699969124	0.1432266580642346	0.04309548573024157	0.13757325646929305
2.0258399999999934	0.06307740775027965	0.0992108684821601	-0.007231629639061751	0.09445711214538222
2.0313599999999936	0.015165861727941161	0.05124941151322525	-0.05685302859611582	0.04759899875934879
2.036879999999994	-0.03302409567489896	0.0014442509173715275	-0.1036055812359187	-9.473782953807963E-4
2.042399999999994	-0.0794009341072164	-0.048039225747013	-0.14546828300586692	-0.04907151033865158
2.047919999999994	-0.12196828307429841	-0.09506622300081198	-0.18064947781485388	-0.09469770748096423
2.0534399999999944	-0.1589107337287063	-0.1376245070109614	-0.20766338261903	-0.1358744968329947
2.0589599999999946	-0.1886711159311166	-0.17391037230298595	-0.22539265198222438	-0.17085795223071232
2.0644799999999948	-0.21001596760678018	-0.2024049388597147	-0.2331343564544743	-0.19818540322193529
2.069999999999995	-0.2220864513369814	-0.22193755876934027	-0.23062749380858674	-0.21673641458677056
2.075519999999995	-0.22443262579709836	-0.23173369318352904	-0.2180609738044336	-0.2257785020070906
2.0810399999999953	-0.217029717878274	-0.23144531145221287	-0.1960618787144283	-0.22499572881936103
2.0865599999999955	-0.20027583242478095	-0.22116263422149202	-0.1656646653793941	-0.2144990829089624
2.0920799999999957	-0.1749713457667653	-0.2014068571528399	-0.12826280231761247	-0.19481832856628617
2.097599999999996	-0.142281021398752	-0.17310431620317857	-0.08554509148314034	-0.16687583082054358
2.103119999999996	-0.1036806270378051	-0.13754335342170435	-0.03941957617499075	-0.13194362466484624
2.1086399999999963	-0.06089049017558884	-0.09631587970543255	0.008071543347057127	-0.09158571542769382
2.1141599999999965	-0.01579897624946573	-0.051246276524781254	0.05484219848834283	-0.04758821897253653
2.1196799999999967	0.029620713139751027	-0.004310805108678162	0.09885395902549997	-0.001880455247205881
2.125199999999997	0.07339676180284466	0.042448922855488055	0.1382047493621384	0.043549524927249075
2.130719999999997	0.113644218205742	0.08701462986487177	0.17121091879109712	0.08674128678307234
2.1362399999999973	0.14864603221127498	0.12747836552500216	0.1964791305216483	0.12584648726407852
2.1417599999999974	0.1769261710374987	0.16212406342649535	0.2129650065512751	0.15920784468824423
2.1472799999999976	0.19731170708837945	0.18950018131259902	0.22001606798399034	0.1854292341009782
2.152799999999998	0.20898127303717487	0.20848035584396268	0.21739721578056925	0.2034339498407953
2.158319999999998	0.21149789121539223	0.2183095446007774	0.2052977735468723	0.2125087112643332
2.163839999999998	0.20482487759901088	0.21863377428278108	0.18431992733255223	0.2123316225264193
2.1693599999999984	0.18932426478715278	0.20951233664931146	0.15544921169297893	0.2029830045632695
2.1748799999999986	0.16573795067268288	0.19141204078699053	0.12000847086875849	0.1849387658610109
2.180399999999999	0.1351525268147813	0.16518390832886617	0.07959743505751041	0.15904673555105492
2.185919999999999	0.09894944055854056	0.13202345358644516	0.03602066384388736	0.12648711509010774
2.191439999999999	0.05874276772942621	0.09341639074574024	-0.008792904067164459	0.08871888179220862
2.1969599999999994	0.016307391870872413	0.05107222550309169	-0.052875213920970235	0.04741456997324692
2.2024799999999995	-0.02649922019640959	0.006848692858702838	-0.09430540728779238	0.00438633851254707
2.2079999999999997	-0.067818204316993	-0.03732962468280951	-0.13129340352445612	-0.03849341277693676
2.21352	-0.10586990310736795	-0.07955493860882952	-0.16225711872389528	-0.07937340570696154
2.21904	-0.13903039815315976	-0.1180185255474234	-0.1858899967320084	-0.11650329472002992
2.2245600000000003	-0.16590068438216374	-0.15108808520369518	-0.20121597594915605	-0.14830849062173698
2.2300800000000005	-0.18536554570600988	-0.17737688174944594	-0.20762958699558529	-0.1734568037593014
2.2356000000000007	-0.19663966080701745	-0.19580174569155956	-0.20491954398956058	-0.19091409185588704
2.241120000000001	-0.1992990411513863	-0.20562751691953177	-0.19327492623929157	-0.19998659482856657
2.246640000000001	-0.19329655426503842	-0.20649611391724657	-0.17327381499074493	-0.20034823225688647
2.2521600000000013	-0.17896098517607298	-0.1984390921425566	-0.14585501768468792	-0.19205180234035982
2.2576800000000015	-0.1569798069773787	-0.18187327647708418	-0.11227424640256119	-0.1755237249887135
2.2632000000000017	-0.12836653641877604	-0.15757978690949936	-0.07404678599431844	-0.15154268540416677
2.268720000000002	-0.09441421183963078	-0.12666749142904266	-0.032879262059653025	-0.1212032272293631
2.274240000000002	-0.05663712026906095	-0.09052258474818735	0.009406424889120996	-0.08586598628695438
2.2797600000000022	-0.01670339316136363	-0.05074657762393726	0.05095361413649535	-0.04709681979297523
2.2852800000000024	0.023638534593265183	-0.009085464494751715	0.08995229518031822	-0.00659754794039872
2.2908000000000026	0.06263636537474619	0.032646803169011356	0.12471784905690386	0.03386863423787421
2.296320000000003	0.09860994214179178	0.07264718857363069	0.15376370002451262	0.07255381058750701
2.301840000000003	0.13002352259935332	0.10920136168188864	0.17586474967412583	0.10780073539747176
2.307360000000003	0.15555122020921894	0.14075706001650137	0.19010889258920471	0.13811371574033066
2.3128800000000034	0.17413282884885117	0.16598988377939378	0.19593445445824267	0.16222195782482854
2.3184000000000036	0.18501768687403475	0.18385874182437956	0.19315202548966837	0.1791326999333644
2.3239200000000038	0.18779477345523005	0.19364863348234237	0.18194985577211453	0.18817191677623313
2.329440000000004	0.18240784127177065	0.1949990160759454	0.16288270406463937	0.18901093442015846
2.334960000000004	0.16915504787600233	0.1879166440357167	0.1368447554731669	0.18167791667013594
2.3404800000000043	0.14867322437094363	0.17277244481857468	0.10502791493834518	0.16655384551264074
2.3460000000000045	0.12190758501372352	0.15028268966057	0.06886741245873948	0.14435329106327421
2.3515200000000047	0.09006830622240454	0.12147539353885464	0.02997719549647241	0.11609092124864084
2.357040000000005	0.05457596145145473	0.08764350948836927	-0.009921988825789152	0.08303531004495635
2.362560000000005	0.016998265848137156	0.050287040723831694	-0.049078622125389826	0.0466521395657931
2.3680800000000053	-0.021019058041785645	0.011046656301963659	-0.0857871992760679	0.008539333028862808
2.3736000000000055	-0.05782424960779754	-0.028368256903893854	-0.11846240748722559	-0.02964301570247336
2.3791200000000057	-0.09183117180667753	-0.06625395545498108	-0.14570747828595837	-0.06624484802373944
2.384640000000006	-0.12158756056073909	-0.10098588342520817	-0.16637377034693152	-0.09969734580554251
2.390160000000006	-0.14583692989715805	-0.13108822911295506	-0.17960904713151618	-0.12858006765110713
2.3956800000000062	-0.16357149906635454	-0.15529652086096157	-0.18489242700220102	-0.15168114780792125
2.4012000000000064	-0.174073917969905	-0.1726106120413392	-0.18205458158703383	-0.168048011576244
2.4067200000000066	-0.17694607048551397	-0.1823358408057128	-0.17128241388917123	-0.17702649075261
2.412240000000007	-0.17212380914171868	-0.1841106780285933	-0.15310813186562772	-0.1782867403996688
2.417760000000007	-0.1598770936289762	-0.1779197734758504	-0.12838331581355944	-0.17183494098589092
2.423280000000007	-0.14079564264029187	-0.1640919493109098	-0.09823922908223859	-0.1580103920037123
2.4288000000000074	-0.11576083575327502	-0.14328334367849493	-0.06403521315928162	-0.13746823737007727
2.4343200000000076	-0.08590519238016148	-0.11644654693591926	-0.027297514671006412	-0.11114868174596067
2.439840000000008	-0.052561282921215896	-0.08478717160614505	0.010348708187635128	-0.08023413376782551
2.445360000000008	-0.01720237075552574	-0.04970982877331081	0.0472511754735938	-0.04609622247315062
2.450880000000008	0.018622575967321024	-0.012755925983035913	0.08180290475676721	-0.010235055401907625
2.4564000000000084	0.05335664054979945	0.024463963670297954	0.11251209002332432	0.025786596581106155
2.4619200000000085	0.08550252243642587	0.0603401983110424	0.13806640598701864	0.06041130461814145
2.4674400000000087	0.11368698254711893	0.09333358329014184	0.15738897069302388	0.09215422224905712
2.472960000000009	0.13671939984063772	0.12204130839637004	0.16968358528009614	0.119666662022611
2.478480000000009	0.15364194692290872	0.14525648592713766	0.1744673568217862	0.14179329053865172
2.4840000000000093	0.16376927560084645	0.1620187674134746	0.17158937622773637	0.1576205211684434
2.4895200000000095	0.16671607477899963	0.17165392157152976	0.16123474290165069	0.1665140829829728
2.4950400000000097	0.16241140186218173	0.1738007491646241	0.143913873724578	0.16814422789489955
2.50056000000001	0.15109927097110293	0.16842426992603213	0.1204376775317501	0.162497584140717
2.50608000000001	0.13332558121719362	0.15581471783726847	0.09187978946886145	0.14987524891090767
2.5116000000000103	0.10991205986547552	0.13657249759386358	0.05952761588527822	0.13087731061562657
2.5171200000000105	0.08191845285792027	0.11157986027242536	0.024824415877514237	0.10637457602937514
2.5226400000000107	0.05059469496555896	0.08196062398793443	-0.010694979916595584	0.07746882422974793
2.528160000000011	0.01732521257422881	0.04902977146397627	-0.045471954738614255	0.045443394515053755
2.533680000000011	-0.016432163829629753	0.014235179545534654	-0.07799240579982152	0.011706318871702228
2.5392000000000112	-0.0492099863053345	-0.020905941870416122	-0.10685257015085652	-0.022271485718933583
2.5447200000000114	-0.07959488833994886	-0.05487311537771689	-0.1308195187132309	-0.05502025618180662
2.5502400000000116	-0.10628843492700536	-0.08620829328051083	-0.14888371599754718	-0.08513486939308969
2.555760000000012	-0.12816250816391042	-0.11357835175426911	-0.16030140993547987	-0.11133503705601755
2.561280000000012	-0.14430687030610978	-0.13583170741834547	-0.16462507801473905	-0.1325196347851686
2.566800000000012	-0.15406690403003193	-0.15204665627732045	-0.1617206916135586	-0.14781286440713118
2.5723200000000124	-0.1570699713623053	-0.1615694110209638	-0.15177114609927345	-0.15660031937163524
2.5778400000000126	-0.15323933851532012	-0.16404027322596584	-0.13526581390210743	-0.15855347452247698
2.5833600000000128	-0.14279516129309294	-0.15940690153281653	-0.11297678457145688	-0.15364163317098875
2.588880000000013	-0.1262425907329379	-0.14792420222963806	-0.08592293327110727	-0.1421309138667124
2.594400000000013	-0.10434761659231366	-0.13014095012776128	-0.05532348226303996	-0.12457042243705317
2.5999200000000133	-0.07810179304199023	-0.10687381992332455	-0.022543166227006216	-0.10176630733235606
2.6054400000000135	-0.04867746389529991	-0.07917004675664283	0.010968537144972743	-0.07474491428225918
2.6109600000000137	-0.017375503808220644	-0.04826041640763361	0.043741409534396994	-0.04470671763753552
2.616480000000014	0.014432099592758745	-0.015504690132539235	0.0743489052464236	-0.01297309105195982
2.622000000000014	0.04536229241815852	0.017668120324391634	0.10147015710362073	0.019071726695701775
2.6275200000000143	0.07408100586719472	0.04982200820779513	0.1239468837918161	0.05004092586932487
2.6330400000000145	0.09936060859610926	0.07957604928259854	0.14083275112476085	0.07860505741794242
2.6385600000000147	0.12013228975965995	0.10566362155726045	0.1514330884300338	0.10354901583893611
2.644080000000015	0.13553114171605174	0.1269862314350739	0.15533329901744963	0.12382363471190605
2.649600000000015	0.14493204555334224	0.14265966304145844	0.1524148106526296	0.13858970824486272
2.6551200000000152	0.14797487635847908	0.1520505166572311	0.1428579654308892	0.14725259655312928
2.6606400000000154	0.14457801993964423	0.15480163221305296	0.12713182388176814	0.1494859936532614
2.6661600000000156	0.13493970746058728	0.15084538547165796	0.10597143021419073	0.14524391649657223
2.671680000000016	0.1195272065184838	0.14040437613059023	0.08034362936089848	0.13476048962530862
2.677200000000016	0.09905443338887437	0.12397957535006718	0.051403018354462336	0.11853763061628561
2.682720000000016	0.07444904870534481	0.10232654133893887	0.02044003347126197	0.09732126334780469
2.6882400000000164	0.04681054639292393	0.07642082229935063	-0.011176497227977457	0.07206717680901757
2.6937600000000166	0.017361224224227253	0.04741412441592213	-0.04205978249272703	0.04389808571357788
2.6992800000000168	-0.012607781950278889	0.01658320928275313	-0.07086581363100947	0.014053817045547102
2.704800000000017	-0.041793021493239574	-0.014726215958472079	-0.09635177019652807	-0.016163171481936398
2.710320000000017	-0.06893533892719025	-0.045158153675455545	-0.11742955124110557	-0.04544455073636166
2.7158400000000174	-0.09287411546647806	-0.07340496295816941	-0.1332121304086247	-0.07253268729869904
2.7213600000000175	-0.11259680917562627	-0.09826346597459536	-0.1430507645867319	-0.0962745761770139
2.7268800000000177	-0.12728168308908114	-0.11868610973311072	-0.1465615008132713	-0.11567082985090088
2.732400000000018	-0.13633192267207264	-0.13382501161674884	-0.14363990587309994	-0.12991764610628884
2.737920000000018	-0.13939973155903435	-0.14306704116281208	-0.13446346605026274	-0.13843999676130567
2.7434400000000183	-0.13639944017420574	-0.1460584919680997	-0.11948164762743695	-0.1409146724572049
2.7489600000000185	-0.12750914583642897	-0.1427183583718045	-0.09939414805731253	-0.13728226763592025
2.7544800000000187	-0.11316090398922647	-0.13323973134563347	-0.075118379728181	-0.1277476748138158
2.760000000000019	-0.09401998642007466	-0.11807934491687891	-0.04774769074438144	-0.11276915705463071
2.765520000000019	-0.07095419226320307	-0.09793581600737658	-0.01850222031219058	-0.09303656043563252
2.7710400000000193	-0.04499462105196717	-0.07371760473567038	0.011325406482589482	-0.06943969305049642
2.7765600000000195	-0.017289676107415462	-0.04650215830060615	0.04042713125732164	-0.043028313843832
2.7820800000000196	0.010945653936623924	-0.01748807107821774	0.06753674764548959	-0.014965525698570207
2.78760000000002	0.0384829991542609	0.012057618926539847	0.09148491400927648	0.013523361954918758
2.79312000000002	0.06413397150871482	0.0408546834115853	0.11124950693845817	0.04120425624037491
2.7986400000000202	0.08680137231654685	0.06766510074482356	0.12599915102211673	0.06688766376747103
2.8041600000000204	0.10552604089844946	0.09134620276909257	0.1351280753551185	0.08947972751794453
2.8096800000000206	0.11952734773407556	0.11089929329515957	0.13828084060793372	0.10802873127343143
2.815200000000021	0.1282356267873492	0.125511673286074	0.1353659344480106	0.12176509815229415
2.820720000000021	0.13131520464880014	0.1345903084363277	0.126557727345086	0.1301332063839433
2.826240000000021	0.12867710244850203	0.1377857494336098	0.11228679340974675	0.1328137121232887
2.8317600000000214	0.12048094155322071	0.13500534691079003	0.09321910935919787	0.1297354895037145
2.8372800000000216	0.10712605585395364	0.12641527286381057	0.0702251267883955	0.12107675366088938
2.8428000000000218	0.08923228138768949	0.11243134754392621	0.044340147784138556	0.10725540317630985
2.848320000000022	0.06761133786250136	0.09369915435110897	0.016717802915460683	0.0889090838341175
2.853840000000022	0.043230117316287626	0.07106438420408642	-0.011421281850454268	0.06686591569114629
2.8593600000000223	0.017167535607048198	0.04553476560809682	-0.038843348655958426	0.042107221414451224
2.8648800000000225	-0.009433131578496871	0.01823528961131099	-0.06435552810542883	0.015723928883879846
2.8704000000000227	-0.035414325943765805	-0.009641284734010273	-0.08685765440740295	-0.011131418806113944
2.875920000000023	-0.059654506781399066	-0.036886470258196705	-0.10538962791404949	-0.03729493823104316
2.881440000000023	-0.08111649156904902	-0.06232836958887844	-0.1191722896580331	-0.06164177553926693
2.8869600000000233	-0.098891756609694	-0.0848820092494418	-0.1276400717904626	-0.08313439460099237
2.8924800000000235	-0.11223880898258581	-0.10359553122317697	-0.13046406068205924	-0.10086671366275296
2.8980000000000237	-0.12061401306105028	-0.11769027883478185	-0.12756453899846598	-0.11410221637233277
2.903520000000024	-0.1236935947868942	-0.1265930926542427	-0.11911254008831136	-0.1223044380725281
2.909040000000024	-0.12138593949231101	-0.12995948157872425	-0.10552043182863083	-0.12515857021799884
2.9145600000000242	-0.11383372689052636	-0.1276867386582018	-0.08742202638294691	-0.12258331934916121
2.9200800000000244	-0.10140589108817019	-0.11991651270918118	-0.0656431662303028	-0.11473258485217232
2.9256000000000246	-0.08467983471557922	-0.10702680595391419	-0.04116414567872663	-0.10198696299466213
2.931120000000025	-0.06441474541899708	-0.08961382486008941	-0.015075673364657007	-0.08493552418221738
2.936640000000025	-0.041517242013186906	-0.06846454631954207	0.011469649688528705	-0.06434872707577896
2.942160000000025	-0.01700090043724273	-0.04452125567670383	0.037308181185881605	-0.041143709322156136
2.9476800000000254	0.00805853726209098	-0.018839650177712174	0.06131617747956911	-0.016343514249286484
2.9532000000000256	0.03257029479710117	0.007457632956938929	0.082458595386147	0.008967937398523498
2.9587200000000258	0.055475972380159146	0.03323002135189306	0.09983363968122948	0.03369315200172503
2.964240000000026	0.07579517858889091	0.057368409054559984	0.11271114236171265	0.05676858240412237
2.969760000000026	0.09266741901312182	0.07884281807262172	0.12056314415380884	0.07721030748289616
2.9752800000000263	0.10538845517620259	0.09674627470600934	0.12308540214594997	0.0941559130017147
2.9808000000000265	0.11343960110702224	0.11033303476837977	0.12020895386015903	0.10690079429356679
2.9863200000000267	0.11650874326229226	0.1190495502628537	0.11210130937081078	0.1149273562791318
2.991840000000027	0.11450223795039093	0.12255689598124468	0.09915729968004401	0.11792590514250265
2.997360000000027	0.1075472426169075	0.12074375323883273	0.0819800613912291	0.1158063943843481
3.0028800000000273	0.09598445561270567	0.11372946277190843	0.0613530650764261	0.10870058964843389
3.0084000000000275	0.08035165511668031	0.10185709151809318	0.03820447912362489	0.096954634056712
3.0139200000000277	0.06135882370653713	0.0856768897432246	0.013565485808495235	0.08111241063846152
3.019440000000028	0.03985600366071343	0.06592092713294977	-0.011475581878062541	0.06189049289784269
3.024960000000028	0.016795334180542642	0.04347007138149877	-0.035821245938303214	0.04014583175094226
3.0304800000000283	-0.006811037512306984	0.01931479457839783	-0.058412917038744405	0.01683763183981412
3.0360000000000285	-0.029935313743850455	-0.005488452171775932	-0.07827685672149869	-0.007014890157663234
3.0415200000000286	-0.05157873149951717	-0.029863377466945937	-0.09456607551738386	-0.03037700799678386
3.047040000000029	-0.07081463511680723	-0.052760489471028266	-0.10659636736348913	-0.05224330880877358
3.052560000000029	-0.08682808185503828	-0.07320221860330162	-0.11387495092175959	-0.07168089760798066
3.058080000000029	-0.09895029063532747	-0.0903245858268553	-0.11612052333619798	-0.08786912960162095
3.0636000000000294	-0.10668648119437582	-0.10341364344938483	-0.11327391651528212	-0.10013418110306128
3.0691200000000296	-0.10973594895688611	-0.11193515480658865	-0.10549896299318717	-0.10797700609480687
3.07464000000003	-0.108003566697218	-0.11555628304896964	-0.09317360933474808	-0.11109352264589646
3.08016000000003	-0.1016022821626377	-0.11415841387657358	-0.07687174096480151	-0.1093862181441939
3.08568000000003	-0.09084657461937401	-0.10784062675477214	-0.057336584647575586	-0.10296673938960327
3.0912000000000304	-0.07623722556137871	-0.09691373679590581	-0.03544691621505124	-0.09214942646505853
3.0967200000000306	-0.0584381325944939	-0.08188523736074632	-0.012177606068912918	-0.07743614086191213
3.1022400000000308	-0.03824623471676713	-0.06343586390207868	0.011443729430204115	-0.059493111679629306
3.107760000000031	-0.0165559074257063	-0.04238885590942287	0.03438204607901972	-0.03912086286078127
3.113280000000031	0.005680584899318658	-0.019673300891424553	0.05564016367530039	-0.017218574978712684
3.1188000000000313	0.027494833511625308	0.003716810732609477	0.07430205241191201	0.0052555351038476505
3.1243200000000315	0.04794439944661111	0.02676601826812822	0.08957223761239405	0.027326073791804115
3.1298400000000317	0.06615346847696699	0.04848141579569289	0.10080963076571742	0.04804274357084001
3.135360000000032	0.08135029578101968	0.06793536355066218	0.1075543515054119	0.06652119960651326
3.140880000000032	0.09289984227321982	0.08430505098472012	0.10954642260731319	0.08198073621081156
3.1464000000000323	0.100330225661708	0.09690722699056907	0.10673558390793352	0.09377719998681144
3.1519200000000325	0.1033518883626285	0.10522663449947298	0.09928186501235489	0.10142974526653033
3.1574400000000327	0.10186870885672228	0.1089369698602993	0.08754696331576145	0.10464032434956261
3.162960000000033	0.09598063849441109	0.10791351937240262	0.07207687533605062	0.10330512761235058
3.168480000000033	0.0859778164864123	0.10223699135899934	0.053576608141006926	0.09751754249630361
3.1740000000000332	0.07232648566332174	0.09218844616123953	0.032878137373938354	0.08756257016045688
3.1795200000000334	0.05564738452147766	0.07823561168200849	0.01090306449220775	0.07390300810189615
3.1850400000000336	0.036687611925776374	0.061011241963347625	-0.01137835375499811	0.05715806034326072
3.190560000000034	0.016287235955856006	0.0412845148863177	-0.03298998499395803	0.038075358725993845
3.196080000000034	-0.004657863805818051	0.019926758053186874	-0.05299252643957264	0.017497655768863977
3.201600000000034	-0.02523527972698431	-0.0021269730530115677	-0.07052426989342471	-0.003674330156015855
3.2071200000000344	-0.04455576532263834	-0.02391877314205142	-0.08483816000487229	-0.024521281984880943
3.2126400000000346	-0.06179160621776684	-0.044509436888419796	-0.0953335549459589	-0.044145145387116766
3.2181600000000348	-0.07621201969260845	-0.06301888061608157	-0.10158134248794501	-0.061707758520866504
3.223680000000035	-0.08721407153780625	-0.07866369871336605	-0.10334136528450547	-0.07646659095309169
3.229200000000035	-0.09434780525725317	-0.09079025474712593	-0.10057145337635252	-0.0878060704967221
3.2347200000000353	-0.09733453991238453	-0.09890191244765605	-0.09342773415532699	-0.09526317927249514
3.2402400000000355	-0.09607759734132679	-0.10267927560084548	-0.0822562737787444	-0.0985462582357544
3.2457600000000357	-0.09066505356865351	-0.10199261656252816	-0.06757648244664971	-0.09754626114095546
3.251280000000036	-0.08136445822746721	-0.09690601682226031	-0.05005707254880297	-0.09234003106974871
3.256800000000036	-0.06860981449550323	-0.0876731046895369	-0.03048567803953279	-0.08318552063403493
3.2623200000000363	-0.05298144528612266	-0.07472463899636647	-0.009733511838873839	-0.07050922562563251
3.2678400000000365	-0.035179674907667303	-0.05864853797533997	0.011283355749750566	-0.054886436151448434
3.2733600000000367	-0.01599351618884987	-0.040163274157825765	0.0316443792008098	-0.03701521483969169
3.278880000000037	0.003734239805140357	-0.020085835568944718	0.0504648028357692	-0.017685275554405803
3.284400000000037	0.023143989426950503	7.043210687939232E-4	0.06693405001032227	0.0022568528586983773
3.2899200000000373	0.041396718522189714	0.02130373729342861	0.08035057322934851	0.021944843657113394
3.2954400000000375	0.0577102158649076	0.04082415990662999	0.09015166954435501	0.040530153815402814
3.3009600000000376	0.07139253728670632	0.058430788897610705	0.09593699719993544	0.057218542173809187
3.306480000000038	0.08187129138134423	0.07337792169030295	0.09748481455603054	0.07130395485738192
3.312000000000038	0.08871751013528165	0.08504047425552304	0.09476028794972523	0.08219833476385922
3.317520000000038	0.09166311239648789	0.09294004943213445	0.08791556682854458	0.08945609933840583
3.3230400000000384	0.09061125373352306	0.09676446857000602	0.07728168661627162	0.09279227105198791
3.3285600000000386	0.0856391702451634	0.09637997329608833	0.06335271645515278	0.09209352718627568
3.334080000000039	0.07699345241901513	0.09183562691147525	0.04676290465911319	0.0874217471810123
3.339600000000039	0.06507801384655716	0.08335978546672773	0.02825787490318319	0.07900996322462457
3.345120000000039	0.050435334228986335	0.07134885208901902	0.008661178020443885	0.06725094869653434
3.3506400000000394	0.033721843123550886	0.05634885978729306	-0.011162302852626003	0.052678995278388395
3.3561600000000396	0.015678558058382266	0.03903073350752825	-0.03034447012077205	0.035945719480647446
3.3616800000000397	-0.0029017124162830496	0.02016034865363228	-0.04805197491572134	0.017790990661876237
3.36720000000004	-0.021209151612167403	5.647194238450675E-4	-0.06352236772300472	-9.897252038927977E-4
3.37272000000004	-0.038452179758476646	-0.018904192809467306	-0.07609687060050352	-0.019580167079380387
3.3782400000000403	-0.053891629484561616	-0.03740646954597007	-0.08524836490938006	-0.03717870542615263
3.3837600000000405	-0.06687237847846048	-0.054150419809118076	-0.09060340846058636	-0.05303285840742945
3.3892800000000407	-0.07685108797467108	-0.06842640273710202	-0.09195736609514797	-0.06647141375072121
3.394800000000041	-0.08341887525356873	-0.07963684547197551	-0.08928204577094057	-0.0769327873832745
3.400320000000041	-0.08631797724875759	-0.08732118916221074	-0.0827255644661111	-0.08398842328039739
3.4058400000000413	-0.08545173034173942	-0.09117472472906528	-0.07260450992269298	-0.08736026258161275
3.4113600000000415	-0.08088748654775332	-0.0910605519657532	-0.05938880043612163	-0.08693157387701761
3.4168800000000417	-0.07285239555228015	-0.08701419846364118	-0.04367996089799882	-0.08275072893159396
3.422400000000042	-0.061722291924585296	-0.07924075546857083	-0.026183815466678535	-0.07502781614423666
3.427920000000042	-0.04800422387334614	-0.06810471207893454	-0.007678833503529367	-0.0641242943006367
3.4334400000000422	-0.03231343134295445	-0.05411298316932985	0.011018454197872951	-0.050536188253765636
3.4389600000000424	-0.015345815511818135	-0.03789191657820083	0.029089434797753798	-0.03487160322020296
3.4444800000000426	0.002152871016671329	-0.020159319086233175	0.04574920520538747	-0.017823573720807426
3.450000000000043	0.019419751589245495	-0.0016927478431013583	0.060280613534348326	-1.3945676134174747E-4
3.455520000000043	0.03570803633991187	0.016704534411530893	0.0720650760633806	0.01741178136041344
3.461040000000043	0.05031927277207779	0.03423845186522383	0.08060884788205616	0.034072954836306256
3.4665600000000434	0.06263324542549256	0.05015834228344214	0.08556363432172447	0.04913127693466536
3.4720800000000436	0.07213424689850456	0.06378904462076453	0.08674068621277892	0.06194880429716258
3.4776000000000438	0.07843260993050029	0.07455947816857186	0.08411781341958957	0.07198940880256417
3.483120000000044	0.08128060449690237	0.08202650591177925	0.0778390649744997	0.07884113906319515
3.488640000000044	0.08058205527039337	0.08589308776035351	0.06820714657115078	0.08223304173004091
3.4941600000000443	0.07639531216333403	0.08601998361907406	0.05566896302725913	0.08204575942733275
3.4996800000000445	0.06892949775694188	0.08243055055918563	0.04079497078386546	0.07831549635885326
3.5052000000000447	0.05853424751350424	0.07530848014748506	0.024253290722472096	0.07123123236313882
3.510720000000045	0.04568343908689974	0.0649886281021882	0.006779753212409017	0.06112535880435717
3.516240000000045	0.030953663728484074	0.05194138562573112	-0.01085478400020573	0.04845819250648566
3.5217600000000453	0.014998414789077492	0.03675131724560749	-0.02787839564619982	0.033797084829116864
3.5272800000000455	-0.001480853707430697	0.02009103204427408	-0.043551832495697156	0.017791070845516496
3.5328000000000457	-0.017765518865359577	0.0026914535813138208	-0.05720057561558814	0.0011421888327431714
3.538320000000046	-0.0331510814399274	-0.01469019962833364	-0.06824381354126094	-0.015425264748168393
3.543840000000046	-0.04697759839828964	-0.031303322447463956	-0.07621909980434317	-0.031196200352900185
3.5493600000000463	-0.05865794288741135	-0.04643629203985792	-0.0808016466596551	-0.045495555558307116
3.5548800000000464	-0.06770268355913274	-0.05944690347403151	-0.08181745335241684	-0.05771714397504318
3.5604000000000466	-0.07374053133339764	-0.06978957235009374	-0.07924974292171835	-0.06734930205293527
3.565920000000047	-0.07653350218285214	-0.07703815445220327	-0.07323847804472669	-0.07399625096520973
3.571440000000047	-0.07598618035178654	-0.08090343060528474	-0.06407303066835672	-0.07739428437548203
3.576960000000047	-0.07214872707549007	-0.08124454267342862	-0.05217837879504701	-0.07742212340229213
3.5824800000000474	-0.06521355384519537	-0.07807393340431273	-0.03809548377986946	-0.07410503725221634
3.5880000000000476	-0.05550585458480236	-0.07155562685323762	-0.022456750765329183	-0.06761260047524269
3.593520000000048	-0.04346845582103259	-0.061996975011137115	-0.005957682771991959	-0.05825023371349114
3.599040000000048	-0.029641686645473127	-0.04983427749803381	0.010674003287565213	-0.046444942219464276
3.604560000000048	-0.01463918063595095	-0.03561294267876401	0.026710429302894648	-0.032725913827706496
3.6100800000000484	8.793089389732664E-4	-0.019963089169201316	0.04145536752628465	-0.017700854942665156
3.6156000000000486	0.016236878372730714	-0.0035716767063167882	0.054274422612572114	-0.0020291203263784496
3.6211200000000487	0.030768957117370318	0.012847603139291093	0.06462227771556125	0.0136071773125749
3.626640000000049	0.04385202336115522	0.02858535866214028	0.07206583664279806	0.028532813968586403
3.632160000000049	0.05493031266974016	0.04296710470666884	0.07630228246780038	0.0421085705246176
3.6376800000000493	0.06353937758989125	0.0553821256603934	0.07717130274876978	0.053758564794709945
3.6432000000000495	0.06932550168197484	0.06530936155949256	0.07466099224441261	0.06299463266804897
3.6487200000000497	0.0720601590686348	0.07233922219732764	0.06890722411567315	0.06943672824535782
3.65424000000005	0.07164893179490904	0.07619041844767958	0.060186567665981044	0.07282849293266425
3.65976000000005	0.06813454223303379	0.0767211222528904	0.04890311210261317	0.07304735883980484
3.6652800000000503	0.061693915626026406	0.07393401699139958	0.035569819342308975	0.07010879293900252
3.6708000000000505	0.05262944736572874	0.06797506720390244	0.020785263156412558	0.06416454465459684
3.6763200000000507	0.04135489947938435	0.059126109247808506	0.005206806942816658	0.05549501969091405
3.681840000000051	0.02837658029641378	0.04779163055112848	-0.010478580093704675	0.04449615569255441
3.687360000000051	0.014270660595001152	0.03448035330603038	-0.025584574652715235	0.03166140990702621
3.6928800000000512	-3.423597169342434E-4	0.019782458098509467	-0.039455488587866135	0.017559675392973564
3.6984000000000514	-0.014824904814314387	0.004343464846460653	-0.05149468711314332	0.0028101117940150582
3.7039200000000516	-0.028550100859357653	-0.011164075050269444	-0.06119020617470178	-0.01194499775300248
3.709440000000052	-0.04092887010521383	-0.02606983580489206	-0.06813647112373838	-0.02606817546488437
3.714960000000052	-0.05143517191571958	-0.0397346525997837	-0.07205119771049213	-0.03895425079046365
3.720480000000052	-0.059628311013112056	-0.051577887917147326	-0.07278677408102223	-0.05005625056791594
3.7260000000000524	-0.06517136896251613	-0.061102058944806505	-0.07033566908423734	-0.0589085716421559
3.7315200000000526	-0.06784499045298743	-0.06791368347803688	-0.06482967678422977	-0.06514645620948953
3.7370400000000528	-0.06755596341328787	-0.07173947310763315	-0.05653307792001212	-0.06852095757785631
3.742560000000053	-0.06434026215830319	-0.07243721016126271	-0.045830064276022084	-0.06890878522954767
3.748080000000053	-0.0583604654408893	-0.0700008795996715	-0.03320701997489855	-0.06631664409228091
3.7536000000000533	-0.049897705863272385	-0.06455987851424745	-0.019230473871611246	-0.060879923804497256
3.7591200000000535	-0.03933854296289025	-0.05637238303861467	-0.004521720108979131	-0.05285583897894635
3.7646400000000537	-0.027157369272741518	-0.045813204222762846	0.010270758214765412	-0.0426113603972064
3.770160000000054	-0.013895147507641455	-0.03335669989268357	0.024499840093273398	-0.030606499434268856
3.775680000000054	-1.354297800373055E-4	-0.01955551868644084	0.03754803706644382	-0.017373704340305787
3.7812000000000543	0.013521279934875985	-0.005016126487581233	0.04885424975638567	-0.0034942890193306385
3.7867200000000545	0.02648369543215493	0.009627802876900973	0.057937852871403	0.010427064088128298
3.7922400000000547	0.038195311185252184	0.02374296690338347	0.06441907678105678	0.023788610392167554
3.797760000000055	0.04815825502297328	0.0367237849677524	0.06803482360537112	0.03601751599396883
3.803280000000055	0.05595440994979116	0.048018340617165686	0.0686492619605271	0.04659437754899174
3.8088000000000553	0.0612629109594234	0.05715180596502028	0.0662587777689154	0.05507524128512053
3.8143200000000554	0.06387328693298254	0.0637463558657068	0.0609911084692732	0.061110189577458784
3.8198400000000556	0.06369371230075815	0.06753673881028138	0.0530987435012506	0.06445771908354232
3.825360000000056	0.06075404940409151	0.06838086550182958	0.04294692387693979	0.06499432234646518
3.830880000000056	0.055203590873317984	0.06626499619209521	0.030996807110021743	0.0627188966072154
3.836400000000056	0.047303641841818025	0.061303344380110585	0.01778457067606739	0.05775182999225113
3.8419200000000564	0.03741530443427211	0.05373215704699025	0.0038973986885506955	0.05032884636148566
3.8474400000000566	0.025983032109815844	0.04389856970488881	-0.010052574627189363	0.0407899158940371
3.852960000000057	0.013514700352042584	0.0322447579227293	-0.023455210098704708	0.029563749241754037
3.858480000000057	5.59085328380184E-4	0.019288106121822364	-0.035729012950156624	0.017148579807026557
3.864000000000057	-0.012318252533711788	0.005598280897162385	-0.046346323964511625	0.004090093523712276
3.8695200000000574	-0.02455962183851335	-0.008227777022891623	-0.05485596283029823	-0.009042517999624688
3.8750400000000575	-0.03563931726367156	-0.02159184598841956	-0.06090235382252267	-0.021681331707675045
3.8805600000000577	-0.04508615897478316	-0.03392027152292842	-0.06424032520857297	-0.03328421792944024
3.886080000000058	-0.052503489676089386	-0.044688553997085496	-0.06474496910119563	-0.043358058276254025
3.891600000000058	-0.057585782421251175	-0.05344362361698028	-0.06241616910143229	-0.051479663837868866
3.8971200000000583	-0.06013116595357826	-0.05982285846589166	-0.057377639147193835	-0.057313508054937616
3.9026400000000585	-0.060049356830463085	-0.06356904929313323	-0.04987055807124451	-0.06062553321132333
3.9081600000000587	-0.057364690772061175	-0.06454069595105877	-0.04024211990070843	-0.06129246493372089
3.913680000000059	-0.05221416058635126	-0.06271722675864416	-0.028929539648597714	-0.05930626758695979
3.919200000000059	-0.04484058525106246	-0.05819895450934105	-0.016440248776398242	-0.05477358625465657
3.9247200000000593	-0.03558124484107622	-0.05120181161072589	-0.003329175344179815	-0.04791023879105104
3.9302400000000595	-0.024852509924676067	-0.04204713201407069	0.009825875657934474	-0.03903103477265363
3.9357600000000597	-0.013131163533157105	-0.03114695946558869	0.022449651138496927	-0.028535397886100492
3.94128000000006	-9.332516812838923E-4	-0.01898555113911171	0.03399457031742703	-0.016889445840986898
3.94680000000006	0.011208601046618997	-0.006097904878611567	0.043964441278270955	-0.0046053297969149845
3.9523200000000602	0.022768415192011317	0.006953739552370085	0.05193574805009887	0.007781252613921908
3.9578400000000604	0.03324960824339322	0.019604394640025672	0.05757559672488692	0.01973438486473031
3.9633600000000606	0.04220629188776246	0.03131074908721226	0.06065556218327689	0.030741085337369287
3.968880000000061	0.04926220283700096	0.04157446720640904	0.0610608620288713	0.040333288450295025
3.974400000000061	0.0541264651882656	0.04996336606997597	0.058794492985032115	0.04810771271744162
3.979920000000061	0.05660552599619624	0.056129572105627974	0.05397618798681584	0.05374277401721682
3.9854400000000614	0.05661077685851956	0.05982389621514553	0.04683627964848899	0.05701183661196861
3.9909600000000616	0.054161565209313096	0.06090583569051298	0.03770477772931577	0.057792258227621456
3.9964800000000618	0.04938350124301096	0.059348804650770914	0.026996175000124488	0.056069871474202455
4.002000000000062	0.04250217109963331	0.0552404038824694	0.015190678611084195	0.05193874385197623
4.007520000000062	0.033832565232782504	0.04877775668160403	0.002812714879208386	0.04559626379645674
4.0130400000000614	0.023764714210321888	0.040258150197656516	-0.009592331991984141	0.037333801762217594
4.018560000000061	0.012746184733336908	0.030065422696897524	-0.021482117003186637	0.027523384551979353
4.024080000000061	0.0012622196221351834	0.018652717506942598	-0.03234101282306155	0.016600989886925793
4.029600000000061	-0.010185598535372587	0.006522376546914826	-0.041702437276911336	0.005047209455067813
4.03512000000006	-0.021101223330337367	-0.005796136066350597	-0.049168864546821296	-0.006633863518516457
4.04064000000006	-0.031015607349767237	-0.01776931162809387	-0.0544286634723812	-0.01793659615745049
4.04616000000006	-0.03950682458907518	-0.028882671189229436	-0.05726905163827204	-0.02837567183006705
4.05168000000006	-0.04621799063812439	-0.0386628400385328	-0.057584629193575446	-0.03750689669349325
4.057200000000059	-0.05087222111794997	-0.04669767659898444	-0.05538115367634968	-0.04494606626641455
4.062720000000059	-0.053284003265208144	-0.05265360133980882	-0.05077442772111686	-0.05038509221525489
4.068240000000059	-0.05336651601962916	-0.05628939883040451	-0.043984386099641844	-0.05360471418205708
4.073760000000059	-0.051134613303451606	-0.05746592399855936	-0.0353246776785971	-0.05448327431497172
4.079280000000058	-0.046703375466426306	-0.05615132494703567	-0.025188232473808685	-0.05300120635991869
4.084800000000058	-0.04028232676885191	-0.05242159131939357	-0.014029475647930782	-0.04924107904141002
4.090320000000058	-0.03216560390421664	-0.046456440576386065	-0.002343991711798492	-0.043383226778180274
4.095840000000058	-0.02271853385484381	-0.038530755812562004	0.009353452596550993	-0.03569719115088887
4.101360000000057	-0.012361231424714073	-0.029001979231942355	0.020551553584968026	-0.026529375763604802
4.106880000000057	-0.0015499511791179595	-0.01829403696735397	0.030764789197135795	-0.01628747756301967
4.112400000000057	0.009242979932972534	-0.00687851630592333	0.03955443806391782	-0.005422392516598202
4.117920000000057	0.01954976800016664	0.0047460705038296115	0.04654739048677884	0.005591602820925512
4.123440000000056	0.02892739798590486	0.01607602547663507	0.051451946357285915	0.01627752413587364
4.128960000000056	0.036976645047067	0.026624260457818218	0.05406993292897193	0.026176306782679893
4.134480000000056	0.043359036846487446	0.03594120721099448	0.054304641355715944	0.03486649704256028
4.140000000000056	0.047811047653768354	0.04363394571184168	0.05216426752223014	0.04198216388677721
4.145520000000055	0.05015493073859485	0.04938273820417355	0.047760741602191834	0.0472282714173366
4.151040000000055	0.05030574600748344	0.0529542748891222	0.041304033199873955	0.05039286782726098
4.156560000000055	0.04827430830001467	0.0542110845010876	0.033092215988293594	0.051355589311505925
4.162080000000055	0.04416596079754973	0.05311673288535559	0.02349775888049132	0.05009214049676452
4.167600000000054	0.03817525976021464	0.049736617521988866	0.012950672065445291	0.0466745894347465
4.173120000000054	0.03057683339446505	0.04423435764021737	0.0019192688262908604	0.0412674972903192
4.178640000000054	0.02171284144868113	0.03686396980428585	-0.009110597636142172	0.034120082642754936
4.184160000000054	0.011977606137687663	0.02795819942018815	-0.01965690315773422	0.02555479005637482
4.189680000000053	0.0018001031220376555	0.017913541788421385	-0.02926248876982151	0.01595278501218514
4.195200000000053	-0.008374911402322122	0.007172625197114878	-0.03751484729999319	0.005737025975245123
4.200720000000053	-0.018106308456363192	-0.0037952626979386645	-0.04406380536016151	-0.004646336069196613
4.206240000000053	-0.02697568319617482	-0.014514649789647262	-0.04863634426513612	-0.014747413916495736
4.211760000000052	-0.03460531548928479	-0.024524463664363904	-0.05104793431879616	-0.024132049028037058
4.217280000000052	-0.04067422444084371	-0.0333978350682582	-0.051209914124180085	-0.03240044403299531
4.222800000000052	-0.04493163589091307	-0.04076027136975543	-0.04913262304364919	-0.03920416444345733
4.228320000000052	-0.04720729945604903	-0.04630542764456608	-0.04492418279444714	-0.044260787902613286
4.233840000000051	-0.04741823273811924	-0.04980781272864328	-0.03878501511531672	-0.047365586583036946
4.239360000000051	-0.045571628569528344	-0.051131905078331756	-0.03099836811234695	-0.04839976134848636
4.244880000000051	-0.04176382960975023	-0.05023731239323021	-0.021917296213365946	-0.04733489904079697
4.250400000000051	-0.036175445869417476	-0.047179782656638185	-0.011948690202427285	-0.04423348999922042
4.25592000000005	-0.029062857367702467	-0.04210805491607179	-0.0015350781073276767	-0.039245514400611595
4.26144000000005	-0.020746498938591127	-0.03525671790513174	0.008864990447756004	-0.032601275771934925
4.26696000000005	-0.011596460573479324	-0.02693541573989172	0.018797108197791384	-0.02460082075125137
4.27248000000005	-0.0020160488546660206	-0.01751489508314565	0.027830837033780892	-0.015600428987183388
4.278000000000049	0.007575961674821023	-0.00741052077983785	0.035578333765011044	-0.005996779838762341
4.283520000000049	0.016763607327720125	0.00293600852695969	0.04171097014807132	0.0037905018632775787
4.289040000000049	0.02515174758232428	0.013075941185140223	0.04597323637085268	0.013337154222682661
4.294560000000049	0.032383032051398815	0.022572909273830325	0.048193341404053264	0.022232643202229473
4.300080000000048	0.03815309476080047	0.031021680586149923	0.04829007253070445	0.030097790241175548
4.305600000000048	0.04222333100072664	0.038065421204605245	0.04627564323758311	0.036600906827750024
4.311120000000048	0.044430721924441426	0.04341073455422386	0.04225443606908035	0.04147175072583316
4.3166400000000476	0.04469430429943569	0.046839844517270385	0.036417727168912985	0.04451271804432123
4.322160000000047	0.04301803145470086	0.04821941842301637	0.029034654175062596	0.045606809353203
4.327680000000047	0.03948992994089947	0.04750567474353216	0.02043985128328601	0.04472205104174371
4.333200000000047	0.03427761777910881	0.04474558353519957	0.011018317667083843	0.041912208755089234
4.3387200000000465	0.027620407399774977	0.0400741379069146	0.001188201968194403	0.037313791212802025
4.344240000000046	0.019818362682546383	0.03370784466251653	-0.00861772864089792	0.031139502985053108
4.349760000000046	0.011218808642757807	0.025934744422905612	-0.017971114783433606	0.023668456964919045
4.355280000000046	0.002200898808614615	0.017101419038161134	-0.02646669125435268	0.015233594818542811
4.3608000000000455	-0.006841075243642686	0.0075975706937527945	-0.03373981943097209	0.0062068807917266605
4.366320000000045	-0.015514898610366498	-0.0021611425088995865	-0.03948210843785336	-0.003017073996330135
4.371840000000045	-0.023447421525841648	-0.011751259691965065	-0.04345445717563288	-0.012038236998608782
4.377360000000045	-0.030300586809539416	-0.02075986737132069	-0.045496967210412874	-0.020468478595715836
4.3828800000000445	-0.03578580901258756	-0.028802352562616356	-0.0455353175310494	-0.027948246156301544
4.388400000000044	-0.039676094883028055	-0.03553879664038866	-0.04358334997471587	-0.03416187257565589
4.393920000000044	-0.041815397526880384	-0.04068831235296782	-0.03974178167052654	-0.03885086867541231
4.399440000000044	-0.042124820594900574	-0.04404072061394132	-0.034193130758853545	-0.04182464105669609
4.4049600000000435	-0.040605428431396993	-0.04546508324339503	-0.027193106466553704	-0.04296819260797029
4.410480000000043	-0.03733756720487907	-0.044914747360008715	-0.01905886719180313	-0.042246496698952744
4.416000000000043	-0.032476754062012794	-0.04242871044785546	-0.01015468400357247	-0.03970538221863716
4.421520000000043	-0.02624633969202294	-0.03812927551079248	-8.75656190392345E-4	-0.035468918629253575
4.4270400000000425	-0.018927287955718665	-0.03221612620066715	0.008369794382816119	-0.029733441495564002
4.432560000000042	-0.010845538506763177	-0.024957105431428896	0.017177875608726592	-0.022758502980160054
4.438080000000042	-0.0023575194379184157	-0.016676121187072773	0.02516703613647462	-0.014855162405119774
4.443600000000042	0.006165547294244126	-0.0077387240454102335	0.03199446802831846	-0.006372143631454759
4.4491200000000415	0.014353857658355484	0.0014640026967415254	0.03737078844346494	0.002319525974274418
4.454640000000041	0.02185504757880264	0.01053253147180087	0.0410722728178185	0.01084271944881367
4.460160000000041	0.028349332057046324	0.01907621183765951	0.04295012387376195	0.018830550372311156
4.465680000000041	0.03356311199725853	0.026730074884817098	0.04293639432931869	0.025942142260630578
4.4712000000000405	0.037280470922709225	0.03317039882996354	0.041046330377527133	0.03187715044075497
4.47672000000004	0.03935207982758155	0.03812837304425889	0.037377061232755866	0.03638841884987038
4.48224000000004	0.039701144594061356	0.04140128500711379	0.0321027203062131	0.03929223962245849
4.48776000000004	0.038326161520033764	0.042860766103299065	0.025466238858210886	0.040475791071248206
4.4932800000000395	0.03530038674573242	0.04245776279349237	0.01776819653199227	0.03990145489732392
4.498800000000039	0.03076806858561367	0.040224043696592084	0.009353238820071413	0.03760785063470489
4.504320000000039	0.024937631731661185	0.03627020420303024	5.946738966679296E-4	0.03370756842558811
4.509840000000039	0.018072132953933995	0.0307802818119166	-0.00812206392534632	0.028381724006073465
4.5153600000000385	0.010477423692157446	0.0240032409006206	-0.01641635264420596	0.021871596092560265
4.520880000000038	0.0024885509071137565	0.01624171885498614	-0.02392897955611871	0.014467730358246559
4.526400000000038	-0.00554500026195978	0.00783854075261359	-0.030337674088306184	0.